100 55 34 99 47 53 82 42 5 18 98 57 92 55 32 98 12 38 89 56 75 8 3 32 17 81 1 76 48 33 91 85 8 10 43 32 19 97 6 36 94 93 87 83 68 60 89 13 39 89 44 7 70 21 72 42 22 65 51 49 50 36 41 53 65 98 20 54 34 43 61 43 76 95 30 58 36 92 19 23 37 11 49 13 62 89 66 26 83 5 7 64 89 19 72 68 20 91 6 48 8
100 95 47 54 60 83 6 51 56 7 45 26 32 84 85 65 3 57 37 50 98 38 20 87 42 78 85 72 62 97 36 47 44 80 60 46 52 25 75 37 35 100 55 87 74 12 3 91 32 85 37 52 32 74 48 93 25 30 44 35 52 100 99 9 20 35 11 23 34 57 82 80 82 92 12 22 2 99 11 87 42 76 93 73 14 7 87 67 89 99 29 67 67 52 38 24 13 35 22 45 20
100 95 75 57 84 66 53 18 12 34 54 34 20 78 87 16 7 7 69 72 31 60 64 78 13 41 62 31 38 5 19 95 20 79 68 75 6 91 87 69 37 67 35 74 32 60 65 31 7 96 63 72 14 81 21 68 88 91 30 99 17 72 48 59 69 65 20 2 48 30 76 53 43 79 63 1 40 42 77 72 34 36 12 63 19 91 59 31 67 46 10 75 66 1 7 27 19 81 56 67 46
100 4 33 15 8 46 93 43 16 83 37 16 20 53 17 66 6 66 60 85 27 95 71 99 19 12 85 60 63 71 46 36 91 93 46 42 58 56 94 83 77 56 62 71 6 89 5 35 43 9 66 79 98 52 32 39 6 92 62 21 35 64 94 63 44 72 51 96 31 66 60 33 71 32 40 60 98 78 97 61 65 57 35 45 21 18 38 76 36 89 90 96 85 50 18 8 56 5 4 95 70
100 50 10 45 42 60 67 100 58 95 16 89 29 5 93 15 97 74 63 29 60 88 9 51 48 30 100 77 68 69 45 92 24 1 97 87 85 79 67 88 13 36 30 69 62 34 53 16 69 98 46 74 15 88 55 87 100 68 36 84 68 20 53 59 27 76 43 20 89 66 80 89 67 32 92 72 61 95 35 5 93 27 65 95 80 39 60 8 9 24 21 44 8 57 58 12 1 89 80 75 13
100 84 85 54 92 21 21 6 62 93 96 90 37 46 80 33 25 94 31 85 67 23 15 74 87 36 82 98 72 34 27 41 2 30 44 6 12 18 74 24 36 75 13 87 69 17 63 19 4 27 34 28 83 31 55 28 5 50 83 22 66 29 20 96 36 31 72 20 100 39 18 33 48 30 29 20 14 78 15 65 9 94 87 87 79 41 56 96 84 87 95 36 70 88 68 98 26 36 76 85 3
100 32 65 85 78 98 63 4 70 35 8 72 22 34 36 3 21 90 39 30 14 42 7 12 16 85 34 31 85 16 97 81 52 45 44 8 73 57 91 72 39 86 45 39 1 48 63 11 44 8 47 32 84 12 95 73 93 86 18 49 89 44 87 63 97 17 70 59 6 54 96 80 44 77 90 74 86 67 93 21 72 25 65 40 9 92 91 89 67 97 21 70 34 4 99 49 22 50 40 25 13
100 55 12 4 33 38 87 81 94 16 86 55 5 47 63 1 2 55 51 94 84 80 31 93 7 7 23 69 69 47 37 94 34 80 73 79 70 60 73 41 65 46 10 22 32 32 16 92 23 32 11 73 35 57 62 90 32 46 80 64 75 44 62 79 88 19 84 26 8 86 48 33 99 66 17 90 51 10 45 51 11 76 55 53 56 58 80 22 67 24 9 41 1 46 25 14 7 61 30 53 29
100 70 83 57 63 55 39 50 44 27 16 88 87 30 99 24 31 62 85 100 46 49 8 50 62 15 5 82 45 40 61 12 7 79 38 34 74 66 40 32 98 45 25 11 11 71 54 28 32 93 16 8 26 2 24 41 18 16 67 36 36 16 22 31 9 52 65 47 55 7 43 90 1 66 55 22 82 67 6 94 19 2 69 58 50 83 96 55 13 1 21 58 100 20 97 89 11 95 66 40 12
100 13 18 21 89 61 22 47 17 53 49 17 73 3 57 79 59 83 58 44 15 2 19 31 98 65 93 83 37 35 50 33 38 12 59 41 30 69 95 29 7 77 24 47 89 39 99 30 89 71 64 80 60 35 28 75 54 86 24 65 35 40 83 99 48 9 71 21 97 60 49 44 6 4 87 66 43 18 56 40 91 14 11 82 5 89 84 42 100 60 37 95 30 38 40 69 80 28 31 74 80
100 57 28 89 8 2 30 27 87 72 43 31 14 61 60 35 17 26 92 73 99 66 11 100 16 49 50 83 67 64 17 20 41 32 29 43 29 78 89 42 57 73 28 13 5 64 49 99 36 31 55 47 12 9 24 50 39 29 44 82 100 1 30 99 63 57 11 54 19 1 20 7 9 41 72 17 2 57 83 62 66 73 61 69 11 89 30 99 90 58 2 88 44 92 94 47 74 72 87 39 31
100 22 27 93 72 96 94 44 7 19 46 83 51 42 51 41 87 84 62 80 21 56 89 79 51 85 41 79 30 64 92 65 64 33 82 30 20 18 79 100 20 56 33 52 11 19 85 9 93 37 72 24 44 35 97 51 17 91 46 9 72 31 35 96 36 16 56 40 71 27 22 59 23 64 26 91 31 29 37 64 88 34 40 77 20 79 32 15 57 67 95 22 34 68 75 64 32 44 15 23 56
100 83 55 57 77 56 72 37 97 50 57 47 74 11 42 1 79 68 52 10 55 16 35 77 90 71 28 66 100 12 37 1 11 74 55 100 9 64 98 97 91 24 93 77 72 49 58 13 63 74 97 67 85 47 25 81 79 96 59 28 47 21 12 36 77 96 45 74 13 19 74 1 36 17 76 22 45 20 64 56 27 85 18 7 61 35 66 5 37 95 91 93 14 98 38 33 44 21 30 58 2
100 61 50 59 88 87 42 50 3 7 4 24 51 89 63 36 8 53 27 14 56 8 100 22 64 57 12 16 94 38 5 37 8 4 79 36 47 56 48 14 23 63 89 51 47 55 93 25 65 21 50 28 48 16 95 41 82 62 22 69 37 53 22 25 42 85 13 24 46 10 61 72 44 23 97 14 43 77 19 94 93 94 48 67 74 17 64 37 72 22 12 68 95 19 14 36 65 50 20 22 15
100 92 26 47 60 40 74 97 16 84 66 60 40 84 1 62 41 60 6 30 10 36 34 72 23 28 88 14 88 35 40 79 32 1 82 60 56 53 54 16 29 32 40 58 41 36 65 46 68 57 49 29 11 17 88 58 50 85 69 1 48 95 41 27 96 87 1 65 91 23 23 62 41 50 8 28 33 50 60 87 9 72 33 93 43 33 61 10 86 40 48 83 89 95 91 90 67 5 60 45 71
100 73 50 4 66 84 4 62 56 45 45 29 48 34 35 34 100 63 23 51 1 55 69 15 19 78 6 92 5 59 98 68 13 80 79 6 87 64 44 21 57 1 86 8 51 45 11 72 84 12 44 91 37 68 41 69 57 5 77 60 23 21 24 55 52 71 10 44 45 16 44 12 5 87 62 27 43 70 80 76 84 19 74 48 64 56 88 22 16 72 78 60 59 62 5 53 53 23 55 18 62
100 38 69 44 35 39 96 67 93 82 70 21 15 44 11 3 89 52 84 53 67 46 83 54 51 88 57 74 100 83 45 79 100 88 3 79 61 92 61 100 68 67 73 67 26 12 16 75 20 31 31 38 11 79 29 99 66 74 33 82 32 12 42 24 10 64 41 75 73 47 74 82 44 62 86 63 81 47 69 22 98 24 13 10 8 92 89 26 68 44 20 6 34 70 65 49 91 20 99 71 95
100 23 73 4 45 36 29 24 87 32 22 14 5 49 81 60 13 85 81 92 57 62 27 97 2 72 61 58 77 58 17 100 84 81 99 83 39 91 41 18 41 36 3 84 55 64 47 96 51 65 50 78 97 72 17 3 27 30 100 6 48 4 4 68 84 20 44 39 98 37 58 1 3 19 48 64 31 87 32 58 58 16 76 46 5 38 10 9 34 73 8 79 38 72 84 89 31 9 68 76 23
100 20 29 42 72 79 1 22 65 41 75 35 85 59 7 56 83 32 75 61 11 93 26 7 69 57 92 55 88 55 67 2 92 74 81 44 65 95 82 45 29 69 56 22 21 30 14 94 69 42 47 94 85 25 18 26 23 55 16 96 72 67 8 100 15 26 54 27 50 13 78 94 7 13 84 15 6 80 39 82 62 48 55 69 85 14 24 10 46 89 41 34 26 37 97 75 7 71 29 84 38
100 77 3 81 71 20 27 62 91 50 44 85 94 91 30 56 55 87 96 61 29 37 74 76 88 80 72 71 21 19 65 61 30 88 71 14 94 26 71 64 21 83 51 31 97 1 5 70 98 89 18 76 88 14 47 94 27 40 3 4 7 37 35 61 18 78 7 33 27 35 39 88 16 24 62 19 84 23 15 95 35 23 1 99 68 28 41 5 98 46 16 66 74 80 18 9 45 6 43 5 54
100 98 52 66 23 92 95 27 21 45 76 51 30 30 15 62 23 75 67 32 87 46 64 100 27 10 2 7 64 4 87 7 55 97 72 83 87 32 96 53 70 24 25 91 82 97 51 73 51 63 98 15 7 79 35 83 13 6 36 94 67 77 47 83 6 47 39 10 64 71 34 58 58 26 73 78 96 45 72 83 90 72 97 3 93 89 89 99 80 60 28 90 93 21 91 9 91 28 83 59 65
100 26 21 14 65 48 24 57 4 5 83 37 66 86 36 47 2 65 54 55 8 16 56 3 79 3 63 60 39 36 83 30 3 8 45 96 27 23 31 98 65 50 53 23 15 77 84 23 54 75 38 93 9 50 91 70 28 28 75 33 68 91 92 12 50 66 58 69 4 73 85 43 92 88 36 60 87 13 5 59 29 34 97 91 63 26 58 2 14 95 26 100 88 89 72 36 61 8 51 78 93
100 39 99 59 24 14 73 2 91 86 45 36 2 3 23 14 23 63 51 19 70 1 26 85 74 50 51 38 61 73 38 36 12 90 88 11 42 96 80 7 20 44 94 1 2 89 95 58 16 75 29 50 47 81 49 28 2 59 3 75 86 9 1 50 7 28 41 86 30 47 89 80 64 99 96 94 40 57 47 30 78 49 73 50 23 48 5 52 89 2 99 74 95 97 10 62 93 79 25 24 72
100 71 23 5 93 7 66 99 61 54 85 39 53 26 38 99 59 13 28 26 49 56 100 75 89 9 75 86 18 46 88 21 51 83 8 61 46 100 44 53 77 1 34 10 81 60 29 66 86 65 35 42 36 65 20 34 39 96 25 60 59 88 7 82 92 32 83 89 84 83 63 63 67 78 43 60 98 20 57 41 62 31 18 72 44 61 59 8 34 39 48 100 90 99 21 81 86 73 51 29 81
100 26 46 22 4 48 98 52 49 82 66 58 64 24 25 91 83 89 16 28 86 29 33 20 85 77 7 93 66 94 50 61 62 82 58 88 12 59 56 12 60 2 9 17 27 4 40 44 36 67 51 38 95 19 58 86 90 100 44 19 84 57 2 69 64 99 66 35 90 36 37 66 89 96 29 88 77 6 27 19 68 8 24 75 28 4 83 59 83 15 84 89 8 27 76 4 18 94 86 26 59
100 67 32 48 27 45 31 97 39 26 73 100 69 13 80 10 70 17 46 59 43 62 96 6 41 79 32 28 100 85 23 30 43 11 31 22 30 83 46 59 88 49 84 59 73 84 91 91 8 5 2 70 23 8 7 66 4 87 46 55 22 38 72 37 17 52 45 86 95 51 38 15 5 19 74 99 34 62 24 34 67 21 14 19 25 83 42 22 92 83 78 61 48 3 65 45 34 83 65 70 28
100 61 84 64 2 31 29 49 34 84 55 28 75 56 12 92 22 70 52 25 46 12 64 56 63 86 99 22 62 88 21 32 47 66 51 74 78 58 59 5 56 52 57 36 100 75 74 23 47 81 21 7 86 1 40 22 41 97 90 66 24 38 3 53 26 60 64 85 15 23 37 79 36 40 81 42 61 82 86 28 59 68 42 36 75 75 2 4 100 38 45 47 81 2 56 8 91 81 50 49 90
100 55 43 39 27 55 63 27 82 24 82 61 90 91 2 77 98 78 89 30 71 75 4 100 64 63 80 8 33 87 73 27 34 1 1 56 91 68 88 57 73 93 47 48 24 78 86 9 95 53 23 72 74 26 75 54 67 50 88 48 81 84 26 78 53 58 51 99 10 41 52 26 8 26 69 14 93 69 57 8 29 32 38 89 17 13 55 4 11 82 50 49 5 82 20 91 99 81 77 80 19
100 36 1 2 84 63 88 31 62 56 83 31 77 60 43 27 29 62 16 62 99 64 18 95 19 47 100 32 62 99 23 98 6 27 25 7 24 31 52 3 25 31 53 72 55 53 22 76 20 16 77 76 81 11 54 49 53 49 77 15 84 47 64 35 91 13 56 47 53 6 8 34 52 54 86 10 58 86 43 88 48 59 22 2 50 12 77 85 45 82 7 32 29 26 6 53 22 62 29 37 79
100 2 30 67 94 77 87 38 31 48 94 81 36 86 88 61 6 23 6 97 98 40 39 33 99 71 39 37 91 69 16 78 93 68 49 23 23 28 31 34 30 50 91 17 4 59 14 88 100 63 15 14 88 17 41 100 64 35 37 95 75 92 98 53 24 74 76 46 95 92 6 49 82 45 86 82 68 25 20 72 9 16 74 95 56 16 59 4 96 54 6 98 37 94 66 54 12 24 100 7 55
100 87 33 51 92 80 35 93 20 88 71 87 12 15 89 86 56 25 7 89 64 11 55 88 77 27 73 33 36 66 58 72 97 58 32 36 32 32 74 5 13 64 38 15 26 60 82 53 14 47 29 24 68 30 96 7 59 67 50 95 61 58 28 51 19 53 33 41 77 28 50 41 45 49 58 8 75 58 90 73 16 68 96 72 92 37 9 12 11 34 25 43 95 91 55 37 52 77 82 21 100
100 33 12 68 14 95 42 84 74 37 33 6 40 7 32 41 19 29 66 10 49 12 75 29 49 31 47 26 12 4 71 29 80 78 9 67 31 46 34 41 57 55 87 28 77 60 62 44 30 24 95 11 58 73 51 21 76 50 4 9 79 55 31 15 31 60 35 74 80 82 63 18 37 21 80 34 92 39 57 96 85 10 100 21 16 85 50 48 7 73 66 51 14 7 6 29 55 87 51 72 97
100 19 97 35 61 33 92 17 75 84 25 25 79 82 48 93 73 16 71 17 8 35 88 12 35 10 17 34 4 77 1 71 59 13 90 61 55 35 74 53 92 87 23 51 41 89 41 27 12 98 50 80 41 93 96 28 48 22 19 31 71 65 81 13 24 32 80 11 20 6 28 14 41 76 15 99 98 30 93 58 9 63 44 50 94 27 13 87 20 69 57 83 84 69 27 31 38 32 91 53 91
100 3 8 8 12 75 71 67 83 54 78 20 5 51 76 74 68 92 66 92 14 77 54 70 83 50 7 85 44 33 66 48 69 70 68 58 8 16 50 42 20 40 10 27 6 82 95 4 83 77 64 85 33 48 42 84 59 87 13 82 98 67 17 66 46 93 90 41 34 19 57 1 77 73 30 36 38 13 100 36 35 93 8 28 34 40 94 90 13 100 68 56 60 23 57 33 13 7 71 65 52
100 44 70 78 21 69 70 34 91 98 7 83 23 36 16 93 46 92 81 46 20 87 86 5 22 99 97 61 47 90 67 21 99 87 20 60 45 27 78 99 75 82 1 56 40 28 45 50 90 15 87 91 93 1 97 85 13 32 66 28 28 62 6 67 80 72 24 39 60 87 74 89 1 57 21 19 13 62 59 25 41 19 57 74 24 48 14 42 40 98 59 52 47 8 16 65 46 23 61 68 47
100 86 70 45 78 48 36 61 72 49 54 95 7 99 87 9 81 84 74 27 74 18 8 89 97 24 13 100 89 77 80 42 70 28 57 43 40 1 49 56 18 66 33 64 100 26 56 39 39 53 23 83 5 74 66 93 22 37 49 56 89 40 76 5 13 32 69 91 89 21 92 55 10 40 30 68 68 90 52 44 14 57 66 11 84 24 24 50 1 63 87 16 86 33 97 25 75 42 56 76 99
100 97 6 35 6 96 32 66 71 78 91 85 40 59 75 31 60 42 50 15 3 95 77 90 69 69 52 95 16 7 40 23 72 75 99 14 79 45 66 59 66 30 22 17 63 97 98 98 31 93 93 76 68 93 37 92 68 30 4 2 10 75 35 88 75 37 97 99 32 21 13 91 39 74 21 68 28 7 74 13 51 94 73 82 7 88 33 7 25 25 94 66 47 49 26 7 28 49 82 50 34
100 64 50 78 48 34 39 18 6 50 21 65 98 52 77 76 37 93 27 66 67 91 45 16 56 90 37 55 60 93 66 99 57 19 71 28 8 14 32 36 54 37 13 43 54 90 41 10 29 35 24 35 10 82 37 67 68 81 4 38 61 8 24 19 40 54 21 84 87 6 36 89 96 65 16 82 34 54 9 68 89 83 12 84 54 100 83 79 40 27 79 54 49 49 16 89 5 4 80 99 50
100 42 84 45 7 6 100 89 79 54 42 99 59 8 75 74 28 11 46 48 44 7 86 79 11 78 35 22 77 45 36 49 59 98 56 1 84 3 31 47 15 88 24 78 87 27 17 1 10 57 79 47 91 2 73 39 3 22 84 44 95 82 37 66 16 90 87 55 15 21 39 1 8 91 30 21 94 35 98 25 46 40 53 11 90 87 55 92 49 36 72 29 45 19 51 65 79 46 49 6 91
100 47 93 15 88 38 64 29 28 29 34 1 59 26 9 28 21 35 6 96 21 70 33 28 39 47 77 96 54 46 91 87 9 49 73 80 25 55 31 28 81 9 64 50 45 6 34 11 67 6 36 45 87 11 10 10 91 55 13 25 64 54 60 44 65 49 55 10 18 29 70 53 52 66 78 76 8 15 24 38 1 27 31 87 84 95 49 1 99 22 53 53 98 62 60 84 98 24 51 19 91
100 96 65 69 54 16 54 71 96 87 23 24 11 18 13 68 51 45 30 36 3 77 23 63 90 10 72 19 25 49 12 92 49 12 37 26 30 8 65 22 58 97 45 38 64 8 19 34 52 19 57 48 97 27 17 45 62 59 87 89 10 65 32 36 38 53 81 23 53 26 4 11 56 45 11 34 93 97 13 38 55 36 51 26 99 25 44 9 72 95 58 27 40 63 13 33 28 63 22 36 99
100 21 97 96 16 18 87 11 13 52 35 40 36 16 56 67 97 42 16 76 2 59 76 44 40 25 33 9 25 17 87 29 40 85 21 9 61 18 84 25 78 5 65 60 7 7 54 34 93 83 41 49 11 64 46 65 13 15 74 13 35 21 12 99 63 16 96 80 39 44 95 12 53 90 7 89 17 57 96 24 60 52 19 22 87 64 47 84 13 30 13 17 97 10 14 17 24 91 18 3 42
100 96 51 85 25 12 97 77 12 82 39 16 73 19 26 9 43 36 47 75 13 97 59 69 100 5 25 12 9 25 30 16 15 42 29 43 8 42 70 54 38 26 41 14 86 87 26 15 33 53 91 9 64 41 94 12 82 72 79 94 80 11 42 49 48 42 8 78 99 97 16 72 90 33 22 42 84 42 50 40 51 9 98 31 100 90 3 67 37 56 90 21 38 88 25 94 23 52 28 67 90
100 76 29 17 8 35 28 41 39 84 12 44 100 54 40 8 78 91 14 30 15 53 26 48 82 69 42 37 35 76 74 77 100 36 50 55 69 21 70 81 78 15 90 22 48 18 18 16 30 88 86 29 94 55 30 28 1 29 46 68 60 90 77 100 42 4 16 99 19 13 97 57 74 64 33 47 3 51 64 7 83 3 73 39 57 90 50 84 43 1 22 48 14 82 9 53 59 34 85 49 16
100 76 15 54 78 85 66 35 69 12 16 70 94 1 78 26 20 34 11 12 3 84 56 61 10 52 43 58 68 58 74 57 6 46 28 10 36 14 79 58 83 88 53 16 14 52 72 28 100 20 24 20 90 20 73 23 74 76 7 85 45 85 79 82 7 63 23 84 97 74 41 80 23 5 36 1 60 52 72 26 79 58 6 13 20 61 65 9 96 86 59 30 78 74 100 42 14 100 92 68 56
100 30 48 20 95 50 87 93 4 28 75 15 7 17 100 70 16 80 16 60 87 23 86 35 22 26 40 67 92 87 79 70 83 37 28 15 6 26 74 9 37 93 31 25 43 66 74 99 19 17 6 96 39 29 93 86 13 37 93 66 23 78 26 31 83 40 44 89 48 39 7 88 52 50 21 34 3 55 45 8 29 35 54 57 20 85 14 66 33 30 62 66 29 23 82 18 11 22 54 74 33
100 40 56 66 37 48 25 63 83 38 24 42 61 10 14 11 66 39 9 88 28 90 86 85 28 63 41 40 53 60 17 97 73 85 45 12 40 59 67 56 75 9 35 28 88 68 85 77 61 16 24 99 95 28 63 29 34 59 54 95 2 57 48 15 77 22 41 69 56 41 55 16 48 97 3 86 94 62 82 20 2 22 2 15 5 4 55 3 62 65 86 5 33 46 81 16 36 42 81 57 81
100 69 29 97 92 79 16 81 70 14 30 68 56 31 12 12 99 79 55 6 28 99 60 22 40 79 74 60 21 47 99 92 29 13 24 65 13 61 65 44 17 60 62 41 11 33 96 98 85 65 27 60 85 71 76 96 36 27 80 99 82 84 42 7 18 25 34 73 38 85 6 59 31 95 32 6 15 29 74 14 78 17 67 47 71 31 87 61 16 2 99 80 83 61 11 73 29 34 81 92 87
100 70 31 74 15 56 41 97 100 24 93 35 71 16 31 24 36 86 77 100 29 73 43 72 74 58 80 62 85 32 99 20 96 67 38 62 58 38 41 96 54 36 37 22 36 49 31 35 35 47 4 85 71 28 52 43 80 79 17 79 87 34 18 79 50 94 96 70 43 50 24 7 86 79 94 73 92 21 11 12 96 92 67 65 21 22 14 45 62 68 65 87 79 32 59 94 67 90 3 2 87
100 96 2 24 59 52 17 10 36 72 74 30 3 44 7 39 64 16 65 41 27 25 76 70 76 52 86 33 21 62 6 59 86 6 30 25 89 34 94 25 16 77 54 78 64 70 90 11 100 53 24 29 91 59 10 64 15 67 63 3 23 72 98 48 100 95 14 44 76 67 24 64 63 96 33 56 79 68 91 77 40 93 53 11 90 72 9 98 12 79 22 6 69 35 90 57 60 65 52 98 64
100 30 3 17 42 58 93 88 53 93 43 30 41 46 22 79 52 57 62 99 2 80 31 24 43 27 98 98 99 24 30 54 53 90 44 47 33 42 32 30 9 85 41 53 75 41 33 67 5 94 79 87 94 89 34 46 21 100 63 56 4 77 30 31 7 61 74 70 47 54 99 29 86 52 6 79 81 29 96 33 66 43 43 62 83 91 74 27 56 58 88 14 40 12 57 56 27 34 21 87 25
100 87 58 78 55 62 73 94 68 75 88 75 98 41 51 13 47 66 57 41 86 32 42 92 63 52 31 70 40 13 10 45 51 83 57 37 57 91 10 56 36 66 37 75 100 14 10 23 40 40 81 14 97 24 52 3 89 82 76 9 14 21 65 68 20 82 24 78 53 99 90 96 56 12 43 41 82 11 56 53 82 88 16 51 92 5 6 13 97 61 100 44 21 72 4 77 73 15 91 4 16
100 58 76 7 9 81 98 51 92 77 38 57 94 80 8 4 71 15 33 85 56 21 63 61 29 97 57 91 61 31 65 8 64 88 9 87 39 18 18 11 8 94 16 45 60 44 2 17 78 30 1 24 81 8 73 30 51 96 24 2 42 93 4 30 51 9 72 94 81 63 15 14 76 48 84 8 52 37 86 61 86 35 44 52 49 47 34 80 13 53 84 30 13 26 19 66 96 77 41 44 68
100 15 76 4 86 29 93 59 33 51 60 73 65 96 17 23 52 61 33 55 81 48 29 28 69 97 89 40 99 28 77 15 43 62 95 57 84 7 12 69 72 97 48 5 93 6 53 100 73 51 48 62 14 17 20 30 96 55 59 91 37 50 39 21 92 89 46 56 53 20 35 82 24 75 90 85 77 73 22 32 85 96 13 91 72 36 32 19 79 39 42 16 52 71 4 53 69 88 23 30 13
100 74 73 70 35 74 5 48 41 29 31 73 16 50 17 32 43 57 26 48 26 10 100 3 98 67 51 12 18 26 56 99 24 67 99 18 58 86 11 28 69 38 25 94 1 9 33 86 35 28 89 55 72 39 90 4 81 3 96 64 60 63 14 15 35 97 60 41 44 74 43 3 97 65 91 67 13 94 95 76 85 49 21 95 69 75 96 50 79 65 48 35 91 53 69 30 88 3 73 43 51
100 3 92 58 38 52 58 37 36 28 60 40 24 73 83 32 7 14 90 54 39 10 18 9 99 53 45 99 37 52 61 64 60 52 31 76 26 8 29 3 61 48 56 80 23 42 46 75 56 55 23 32 34 27 51 28 79 38 94 3 85 54 76 85 74 18 32 15 23 50 84 97 9 2 78 45 88 21 91 3 57 58 73 4 50 26 38 14 24 49 40 78 20 96 83 13 30 84 96 61 80
100 52 28 95 16 29 56 71 78 58 65 52 17 32 67 18 45 56 84 62 69 5 6 88 66 58 53 100 72 79 25 55 41 7 8 10 17 37 29 45 42 90 96 46 17 73 72 53 25 14 39 20 3 56 70 68 56 99 39 91 100 6 40 9 51 44 25 53 21 56 44 89 10 39 5 58 17 36 61 38 88 18 26 97 34 26 78 23 100 85 96 73 89 22 4 50 60 49 94 53 92
100 19 55 5 4 50 27 87 25 70 91 61 49 58 62 36 81 24 16 21 12 27 92 34 67 67 55 80 98 8 99 88 33 8 44 54 71 12 27 81 12 62 56 86 76 100 38 89 5 41 18 54 75 97 20 30 24 44 40 81 55 87 57 52 9 11 4 35 74 63 40 97 46 12 57 9 58 82 15 45 82 98 41 10 81 87 23 22 18 29 18 58 69 88 3 68 28 63 87 58 48
100 61 42 6 17 18 42 29 33 14 87 59 8 87 81 24 54 29 6 57 77 51 63 14 71 10 62 73 17 5 58 97 14 4 42 68 27 66 67 7 95 14 81 87 34 23 82 29 34 43 44 71 99 6 69 71 46 48 29 17 49 76 75 61 81 26 11 75 84 72 80 87 75 89 2 25 60 38 32 17 14 25 61 89 78 5 73 23 92 40 32 90 75 5 14 42 42 9 46 12 50
100 49 61 44 28 22 1 98 40 21 99 100 24 91 86 6 42 40 84 75 47 77 12 92 93 80 37 59 83 99 90 50 47 72 1 20 13 99 31 53 40 8 87 33 82 13 19 2 17 56 52 35 25 54 28 93 68 43 35 98 30 90 59 1 59 2 42 69 71 19 3 10 77 26 32 41 19 83 2 81 5 9 26 58 48 69 85 43 23 1 67 1 86 84 86 58 68 70 26 84 51
100 26 53 9 54 76 45 61 39 41 33 24 82 54 86 82 59 69 82 1 52 88 99 37 43 44 30 36 96 85 35 5 78 7 18 19 8 77 28 10 66 44 20 34 10 76 55 93 62 18 87 83 40 88 53 82 74 29 48 63 59 11 75 35 67 16 25 87 79 98 3 67 89 94 14 59 75 18 11 24 66 24 89 26 46 34 31 75 97 41 51 15 39 59 19 64 93 64 34 9 34
100 38 87 38 14 16 63 19 81 29 49 15 29 2 7 17 20 98 39 37 70 19 40 49 69 41 63 66 39 23 62 34 6 18 20 53 79 42 76 27 78 8 12 21 77 90 38 24 19 99 82 72 24 23 74 32 80 50 63 85 62 69 81 41 90 9 98 49 3 41 100 50 91 56 74 7 20 11 17 80 94 42 32 12 87 65 53 16 6 62 95 87 39 30 13 50 8 56 1 21 2
100 95 67 1 35 77 29 29 24 53 13 32 91 74 33 13 7 56 54 65 32 28 3 79 15 54 13 57 82 71 65 76 48 93 22 54 28 98 42 99 8 12 80 100 35 3 45 82 88 30 12 28 62 21 22 80 48 13 18 99 12 41 34 45 37 72 37 19 47 71 49 49 81 24 97 28 45 43 40 20 70 6 27 52 27 72 18 79 100 11 14 95 88 74 20 49 14 34 70 79 24
100 9 71 22 1 37 17 61 50 71 65 35 18 100 100 97 16 90 30 64 22 12 1 21 83 11 54 68 29 17 27 67 34 99 81 3 82 48 11 22 62 22 18 63 43 16 38 56 48 86 57 70 38 60 17 62 88 60 14 34 24 11 96 34 34 39 38 92 74 91 44 31 40 61 81 32 29 74 6 100 65 77 52 19 25 43 53 81 81 48 62 50 54 18 36 96 91 18 65 57 83
100 51 30 68 9 47 24 9 72 2 91 5 8 46 87 65 37 46 74 30 35 71 24 1 11 40 3 69 98 58 86 86 80 60 52 10 21 82 77 59 44 68 62 32 76 82 39 77 76 7 58 93 14 86 46 39 68 83 22 38 91 15 80 14 69 18 7 84 83 86 97 34 5 17 90 95 11 73 90 98 68 71 49 83 1 49 57 44 43 94 40 46 2 16 41 94 23 78 26 35 8
100 88 24 58 8 75 15 4 26 82 57 70 59 78 50 47 17 15 85 39 58 28 42 49 10 22 79 14 76 18 58 53 40 55 74 66 35 15 82 7 40 21 35 91 52 13 17 81 29 21 26 58 55 91 71 27 92 92 48 82 74 31 50 36 62 64 19 63 76 93 54 30 74 15 62 94 88 30 55 74 90 30 52 63 8 94 87 45 95 83 70 65 28 94 62 95 11 51 59 69 6
100 37 64 71 4 16 1 63 69 42 39 89 64 15 39 91 52 12 79 34 32 86 70 8 82 45 51 87 47 7 30 100 89 68 91 85 98 39 43 41 45 54 81 22 99 51 78 73 31 99 38 30 35 82 20 51 92 77 24 62 1 97 55 4 85 8 55 13 51 20 86 70 66 64 22 21 18 87 51 3 58 30 69 18 91 38 32 66 58 99 26 79 2 28 72 92 31 90 65 18 23
100 40 16 32 70 58 77 11 78 47 93 59 51 29 35 41 37 31 70 96 73 9 92 79 82 96 67 45 86 87 20 4 88 3 83 96 32 54 79 79 22 45 23 38 100 28 8 19 65 92 10 79 11 53 66 83 80 70 78 95 37 57 9 47 84 12 77 18 28 22 11 41 15 32 58 52 64 79 49 16 71 90 11 53 10 57 57 56 65 10 55 62 22 97 75 67 72 24 79 65 95
100 28 14 86 77 6 98 57 39 70 85 85 94 45 43 59 17 39 4 25 85 27 39 77 72 60 70 89 43 2 89 42 23 50 42 4 35 15 32 24 53 49 29 57 86 20 72 24 40 74 36 23 79 78 6 61 60 100 83 64 98 23 7 5 18 59 42 93 30 4 86 30 58 92 84 96 5 83 52 82 63 5 64 49 88 38 64 26 72 63 49 81 13 2 57 78 83 14 75 29 98
100 21 81 39 15 23 2 71 17 71 21 43 66 94 96 95 55 72 25 44 85 51 33 74 71 88 10 33 65 57 24 34 98 13 20 7 86 90 20 13 18 8 68 28 6 32 37 77 94 36 37 47 32 58 2 29 1 24 84 1 99 83 22 14 11 69 65 69 97 41 45 14 78 25 33 69 2 58 26 43 82 53 24 74 40 99 17 46 19 23 74 52 78 75 43 73 9 28 63 22 11
100 100 34 66 3 43 88 70 38 2 48 2 78 55 49 54 81 25 56 67 20 69 79 4 95 31 6 1 7 59 29 18 60 95 6 58 53 1 9 30 10 95 66 45 72 83 34 7 7 2 22 10 85 77 20 53 15 70 20 12 66 69 33 97 16 94 54 41 6 44 20 38 10 93 72 13 85 72 41 49 6 73 76 22 90 75 74 49 45 8 16 33 22 79 65 15 36 82 48 51 4
100 67 25 6 74 8 15 4 36 11 27 35 79 29 44 59 70 100 11 98 4 61 19 32 58 84 90 75 30 97 23 88 43 15 11 98 38 79 6 20 83 28 53 67 33 8 14 98 34 64 72 53 46 5 40 90 7 25 69 66 60 68 12 61 80 31 20 41 11 36 38 49 79 22 5 99 19 85 1 34 97 38 57 82 7 23 75 18 97 33 44 76 29 3 74 81 95 64 82 76 96
100 38 26 1 31 38 40 48 27 100 53 15 9 6 34 29 77 5 73 40 31 69 32 25 13 27 14 73 76 29 22 100 21 81 39 70 93 43 34 41 92 81 19 70 36 70 63 97 42 38 41 68 2 8 5 37 20 22 86 51 26 31 13 22 38 77 27 3 74 98 51 4 67 44 18 82 10 51 95 67 48 38 44 43 6 19 82 7 70 74 93 41 94 26 73 9 71 70 53 40 85
100 2 66 3 66 96 70 15 28 27 52 27 81 94 81 12 18 98 17 72 64 65 36 22 4 61 7 55 77 24 6 62 35 71 69 63 7 79 12 89 98 66 92 77 76 36 48 75 83 52 37 44 17 72 42 23 27 92 59 90 66 16 89 28 40 23 7 56 4 24 92 97 100 99 37 25 45 13 42 29 21 29 89 90 80 64 36 31 48 80 13 44 28 28 27 86 15 20 15 9 23
100 39 93 66 61 87 37 90 16 17 90 57 87 94 75 32 35 3 13 54 18 29 21 21 22 17 46 1 77 18 94 19 3 1 39 76 62 86 77 93 18 88 77 39 2 7 1 40 57 47 45 60 66 78 54 91 16 15 77 91 30 50 13 54 56 48 78 11 22 39 30 14 6 82 94 99 89 95 64 43 83 99 33 50 88 60 62 88 98 70 33 51 86 87 58 14 59 21 35 28 82
100 26 58 77 79 24 85 14 21 39 60 89 67 14 92 59 36 2 75 81 36 19 13 62 32 38 66 59 82 32 10 50 38 100 6 21 71 8 71 71 34 74 13 9 59 18 39 63 93 41 31 94 99 20 62 81 52 94 61 8 67 17 97 25 82 20 85 24 41 47 15 34 100 37 83 53 10 98 16 94 11 32 48 47 37 66 83 61 8 96 51 19 33 100 31 62 9 11 17 76 58
100 17 10 8 62 63 14 7 7 25 58 61 68 75 3 11 80 30 88 10 86 100 40 54 80 73 61 92 16 89 97 53 44 35 79 11 41 77 26 44 96 65 99 87 30 44 40 27 19 30 58 78 94 17 15 61 84 81 65 47 18 9 72 97 48 7 71 50 76 86 23 11 5 89 71 4 6 1 39 75 30 3 80 67 53 4 26 86 73 86 34 59 52 71 12 86 79 43 81 90 68
100 71 36 34 28 45 46 53 99 50 4 23 30 38 19 96 43 20 48 67 8 77 81 89 18 5 19 10 72 41 33 41 41 79 35 15 51 69 73 97 38 68 95 19 53 1 38 37 88 45 44 53 79 67 41 12 31 4 31 47 63 51 3 38 11 55 70 15 100 60 92 100 67 50 20 26 89 98 17 19 7 13 55 36 80 78 95 96 32 6 74 85 52 47 33 81 17 86 82 54 65
100 4 58 98 73 9 95 29 64 67 81 81 49 37 82 96 30 64 62 38 5 51 61 10 72 79 16 70 11 29 8 99 49 88 95 4 49 89 47 44 8 42 45 75 86 27 3 28 17 83 95 29 33 2 32 64 85 89 38 54 83 60 34 44 4 28 100 41 63 5 30 59 52 78 50 45 5 39 43 30 13 41 32 77 89 96 83 84 53 55 82 20 99 30 53 99 91 52 24 77 63
100 33 2 65 1 66 7 56 87 1 14 60 47 44 92 78 5 80 6 22 18 44 89 53 56 32 69 89 100 24 67 21 20 58 100 19 9 40 16 11 16 47 52 15 41 26 80 37 16 59 56 30 78 47 90 79 9 93 18 49 85 16 38 68 78 12 36 49 69 99 66 6 95 20 93 74 73 69 54 65 47 73 79 71 97 86 22 80 87 37 11 93 36 57 32 34 91 90 35 3 58
100 74 4 86 97 14 36 15 38 19 38 6 66 65 14 14 29 20 44 51 90 37 54 71 59 49 82 59 40 5 87 69 83 27 59 73 1 1 95 4 32 30 35 85 76 47 12 99 71 49 20 9 41 61 9 40 13 21 7 4 16 52 12 54 4 81 30 66 72 6 88 34 71 12 53 65 94 68 38 70 32 28 11 17 49 24 58 56 39 45 51 36 33 68 76 79 1 32 49 86 58
100 49 21 68 71 100 85 42 40 43 17 42 71 39 68 95 34 39 59 35 7 93 23 87 76 28 58 80 50 44 53 15 63 45 44 56 69 74 34 56 85 65 27 1 59 5 47 55 23 9 22 68 47 65 59 61 73 97 38 33 72 36 61 24 38 10 70 68 31 25 52 24 98 74 89 57 30 58 81 17 85 23 13 100 1 46 97 67 15 86 83 29 70 82 34 41 16 93 59 53 39
100 91 76 33 7 93 3 35 52 86 10 94 60 61 29 47 59 78 75 76 15 20 47 22 87 21 35 66 92 58 55 99 48 47 73 39 11 39 65 54 43 49 73 22 19 65 62 97 24 30 89 97 73 2 16 30 81 21 5 8 15 72 58 50 94 29 88 46 95 95 51 4 33 11 58 3 63 6 16 33 36 79 22 40 60 41 71 65 39 2 63 94 53 72 32 29 73 1 44 87 2
100 54 72 15 12 100 69 83 55 50 78 53 8 19 34 15 77 77 60 5 66 20 17 85 45 21 49 9 46 51 46 65 22 19 2 4 54 80 47 57 45 69 94 3 50 4 34 9 27 13 15 89 68 59 72 11 64 52 85 26 39 47 89 68 17 91 63 39 82 55 4 61 79 60 79 4 52 8 89 59 56 53 44 76 67 23 31 26 14 36 35 76 22 53 33 57 11 53 93 23 100
100 29 7 24 45 43 48 7 77 77 84 56 5 98 7 75 89 45 46 21 99 58 85 22 50 13 55 71 49 34 38 26 4 98 48 8 4 85 35 34 45 85 21 12 53 88 24 5 8 7 78 9 54 9 57 78 19 55 30 62 83 85 35 14 47 11 47 40 64 94 70 39 72 46 11 11 94 62 19 16 3 46 26 21 27 70 52 10 33 43 55 55 45 83 8 20 100 38 81 93 81
100 96 6 63 66 14 96 38 13 56 39 26 98 54 91 25 8 40 35 99 97 13 28 8 42 27 90 92 46 92 18 73 2 16 87 6 27 7 76 80 13 24 66 56 66 99 56 5 51 40 40 32 5 9 88 75 95 42 46 1 55 69 61 67 60 52 86 3 84 68 79 45 24 99 94 54 13 38 34 54 8 58 84 7 19 39 41 16 47 52 55 44 6 18 54 31 70 16 72 4 12
100 68 14 85 47 68 64 100 65 45 8 87 53 77 11 58 90 95 11 89 7 8 60 5 52 77 50 41 50 91 4 11 71 41 9 65 73 96 1 53 65 57 58 24 52 93 76 98 6 34 42 20 23 74 85 52 95 75 32 42 49 78 97 25 21 90 62 68 60 14 3 86 65 63 9 25 49 23 9 35 7 26 31 36 34 67 85 53 40 25 12 57 46 100 55 37 78 15 72 82 25
100 43 67 63 17 1 4 55 34 35 85 52 5 24 2 70 61 79 46 19 64 89 11 91 35 38 13 5 78 75 96 68 15 54 25 32 61 37 88 65 17 72 11 59 80 81 50 45 16 65 26 27 98 89 32 46 57 96 61 95 38 32 36 25 91 45 29 93 86 13 84 63 54 74 25 6 29 87 11 21 3 82 94 13 62 7 64 76 15 17 33 12 20 53 20 25 81 8 18 65 94
100 91 72 98 22 15 57 34 43 91 29 74 85 29 19 89 24 69 74 73 70 61 35 28 58 2 22 40 36 24 10 21 23 73 13 57 37 36 12 74 90 6 73 44 6 62 31 34 33 13 31 67 38 65 93 10 19 15 33 3 1 81 32 45 84 13 18 76 75 76 98 76 66 90 19 96 24 67 59 26 19 45 70 72 98 56 24 64 87 88 50 1 80 86 23 73 41 93 16 27 51
100 60 40 2 11 57 70 13 69 61 39 23 64 3 87 87 24 28 40 24 35 45 47 10 48 87 88 88 22 63 78 47 30 3 40 49 93 77 94 16 57 7 31 94 10 9 67 64 65 34 29 7 49 90 40 3 66 1 64 87 71 74 28 23 4 82 58 69 45 8 16 35 18 95 14 54 3 18 13 52 48 16 95 80 23 27 80 99 62 88 25 94 21 33 55 39 8 8 64 34 42
100 36 3 76 42 29 58 93 7 9 33 18 31 10 97 61 80 64 23 50 43 95 76 13 67 66 78 4 43 11 25 51 7 27 59 47 89 14 41 69 84 36 92 66 30 95 97 48 12 89 94 8 66 39 25 4 44 24 50 21 88 39 100 5 70 96 33 58 57 21 17 75 99 50 30 1 7 64 98 98 27 70 32 26 71 7 80 70 86 15 18 50 72 29 59 12 63 94 12 39 24
100 51 28 43 9 87 61 49 52 72 91 59 81 96 57 43 97 55 41 4 17 79 30 67 91 5 80 60 96 51 89 49 38 92 8 8 89 3 91 44 49 40 45 7 74 73 34 59 9 9 11 54 67 39 79 93 77 38 17 40 42 94 63 72 93 11 75 55 66 26 20 98 56 15 9 57 59 70 22 38 91 83 56 48 37 37 64 43 53 8 20 25 42 11 71 77 99 52 38 49 6
100 43 79 89 59 14 53 46 19 15 34 9 54 33 23 77 88 100 78 41 16 96 74 52 59 53 95 67 28 20 77 15 77 56 64 91 42 28 22 10 37 53 57 67 31 88 67 51 71 48 64 92 85 6 3 18 25 38 90 10 65 47 76 32 25 88 32 71 31 70 28 97 99 90 96 65 62 15 93 4 70 65 95 82 25 29 79 66 80 9 65 7 90 68 10 58 36 91 70 78 60
100 27 55 34 93 52 90 77 18 55 34 77 69 39 82 42 60 10 54 66 32 78 15 53 47 72 57 75 4 97 95 34 97 96 55 11 69 37 71 5 92 51 60 53 56 86 53 5 81 52 100 84 34 69 5 100 47 70 76 13 39 58 2 49 99 93 55 18 60 78 24 68 91 44 80 58 51 10 41 73 13 24 20 54 32 74 13 20 39 19 10 89 72 91 91 55 2 33 5 32 43
100 48 80 67 20 14 6 70 39 99 25 5 28 89 8 80 12 93 22 2 78 26 53 2 99 14 75 70 34 32 35 24 1 69 7 13 67 76 22 10 99 34 57 1 98 76 86 8 29 10 25 69 58 72 39 5 96 76 81 60 2 43 7 8 94 31 82 38 60 87 11 58 75 73 46 85 18 32 52 8 35 53 73 61 84 28 61 99 44 85 30 52 75 98 71 54 90 52 69 6 46
100 6 91 25 7 13 83 66 4 22 84 77 42 62 79 46 27 79 79 13 90 37 9 95 32 44 72 7 77 94 26 42 34 53 13 8 75 38 77 99 14 45 15 71 34 73 90 57 5 25 45 50 57 68 74 27 83 78 63 63 52 84 64 61 63 33 92 67 51 56 67 36 98 58 21 94 92 62 90 89 43 80 99 13 11 43 86 10 30 39 98 93 93 33 40 63 30 54 90 18 52
100 60 54 14 8 73 66 53 50 61 80 26 16 15 69 49 59 84 37 96 17 88 62 42 94 55 40 80 83 59 49 81 68 24 65 32 62 45 70 61 6 79 95 45 77 88 27 31 94 56 61 51 17 84 15 63 2 41 67 5 2 5 42 99 29 85 76 30 94 90 33 10 39 42 84 29 62 79 13 99 58 48 80 57 54 32 60 73 49 87 54 85 22 59 77 18 2 64 76 49 60
100 49 27 64 65 47 90 62 67 2 86 92 20 22 78 25 7 43 55 55 99 68 24 32 92 78 50 12 71 99 76 27 6 82 91 27 85 90 37 40 27 10 96 92 25 60 26 3 66 82 31 28 36 70 2 47 51 70 73 13 57 88 33 54 6 92 15 70 57 32 74 68 3 61 1 57 24 44 76 8 56 76 95 59 9 64 7 73 12 89 86 51 62 41 42 2 32 56 5 86 87
100 7 60 53 58 7 2 64 9 96 49 23 68 6 4 49 37 42 83 54 71 46 53 100 8 88 59 93 98 61 31 7 29 81 72 43 77 83 96 85 40 98 12 96 52 20 83 2 92 4 35 62 39 67 37 57 5 43 45 85 17 11 87 97 1 76 49 83 44 86 29 39 30 72 77 4 73 17 82 25 74 86 43 18 77 12 12 6 95 80 31 5 8 92 66 3 74 57 3 28 62
100 47 70 27 89 96 49 86 38 53 6 24 47 8 77 85 21 2 48 27 41 13 54 66 45 29 28 42 53 49 31 50 16 55 35 65 79 16 3 74 8 33 27 49 11 98 3 59 2 41 95 83 100 96 69 98 5 49 21 35 60 82 20 5 82 49 95 77 94 63 48 92 67 9 57 1 54 48 69 41 1 96 23 100 14 4 84 79 80 2 69 31 93 46 35 70 11 34 56 35 92
0
