100 96 71 29 98 8 16 59 69 50 97 90 66 40 77 88 60 52 68 53 13 32 68 37 34 24 67 56 52 61 49 90 36 25 25 8 70 98 12 89 63 36 18 10 92 40 85 91 11 14 28 46 17 96 58 71 41 11 28 95 41 23 45 27 63 77 1 49 3 53 100 29 84 34 69 77 88 52 15 35 42 77 13 68 3 89 82 82 37 29 27 52 89 68 38 42 63 19 75 56 68
100 58 26 20 36 8 36 48 82 30 7 54 13 41 90 98 48 84 50 94 78 29 4 38 29 35 50 83 94 69 8 42 78 91 80 94 3 10 79 2 69 19 97 57 52 90 39 33 32 89 72 11 73 82 65 81 25 52 58 46 2 54 59 62 69 8 40 78 73 85 41 67 74 30 53 92 47 7 81 43 43 55 41 53 92 10 88 33 12 96 83 6 37 10 5 44 48 20 40 42 75
100 63 26 87 73 96 66 79 47 10 67 54 64 58 98 39 5 8 57 79 83 91 47 20 2 37 84 85 12 52 49 12 96 33 39 15 81 52 66 94 75 78 42 97 32 75 41 74 15 92 19 90 41 96 19 56 70 91 83 40 73 36 55 85 20 79 87 46 79 52 7 92 34 11 93 5 74 42 19 14 93 65 38 74 80 83 63 86 23 20 88 17 34 75 86 97 71 6 58 81 82
100 52 51 62 10 21 53 49 11 94 24 34 38 37 11 83 14 18 98 85 63 60 3 28 4 5 98 15 37 32 9 78 100 5 80 68 82 52 45 21 99 4 92 44 75 63 73 94 15 66 62 62 96 99 80 38 39 27 55 61 26 23 24 43 39 86 87 85 35 44 33 53 65 51 90 34 61 7 68 70 4 13 50 57 24 25 96 26 34 28 13 57 51 81 29 39 3 100 96 63 7
100 65 54 26 71 16 92 81 21 93 25 32 49 59 13 82 42 78 3 89 90 69 99 75 70 32 95 3 37 23 23 92 4 39 79 19 34 74 85 89 58 1 32 14 66 63 53 9 50 34 80 53 18 42 55 97 1 78 83 70 1 18 16 89 16 51 28 56 37 30 80 21 87 7 55 30 78 22 88 69 8 53 7 48 100 58 15 62 7 25 71 12 15 29 75 86 61 31 82 85 58
100 15 86 91 78 43 45 23 34 16 55 35 89 3 85 69 2 98 96 53 8 47 98 85 2 69 3 46 58 40 96 55 69 94 8 21 59 25 3 78 73 7 54 23 63 49 73 92 8 5 83 3 84 66 61 74 39 14 94 82 39 58 3 77 80 54 44 27 44 93 43 53 56 74 49 81 16 65 39 70 15 35 74 91 40 68 95 74 25 95 3 35 45 81 22 32 13 60 55 19 67
100 55 72 6 43 47 92 28 3 20 72 90 39 34 10 19 2 87 9 1 61 25 41 70 98 42 58 66 9 80 97 12 38 20 99 13 30 22 67 6 24 26 83 16 80 91 79 13 48 26 90 79 23 27 61 98 24 11 10 25 63 57 62 21 7 10 39 76 92 40 10 9 71 20 5 25 1 72 41 14 17 40 78 37 63 30 24 25 38 37 62 88 4 11 42 67 5 78 21 1 34
100 77 33 93 33 48 69 44 75 9 35 50 73 19 14 58 72 9 40 9 32 17 91 80 91 31 40 2 32 100 100 43 47 8 39 60 44 84 3 89 77 82 67 77 32 14 25 94 74 37 2 36 78 41 100 36 54 97 66 97 32 9 28 31 60 37 82 48 86 66 48 64 68 5 52 70 87 33 64 86 75 37 46 46 40 91 18 100 15 100 79 69 54 83 70 60 13 50 76 82 26
100 3 75 14 96 17 17 91 28 16 90 49 25 42 95 49 86 1 92 60 38 25 98 47 68 47 33 46 73 16 90 22 48 52 13 66 60 8 40 10 29 31 31 7 21 8 35 3 77 13 66 40 65 7 32 84 52 38 94 77 65 81 49 44 52 52 89 92 98 42 47 15 73 61 48 52 62 82 69 73 36 9 85 21 90 30 62 79 81 90 84 13 49 13 63 44 26 62 84 69 95
100 52 23 92 40 96 28 49 69 80 64 35 7 83 56 42 1 8 2 55 51 77 23 71 64 19 77 29 23 80 45 87 74 10 96 31 38 79 88 1 82 7 66 49 6 37 52 72 19 46 53 27 50 77 20 22 71 24 91 16 86 16 44 16 17 51 98 86 51 98 47 96 24 99 9 94 73 73 76 42 16 3 95 76 7 44 55 23 50 31 80 21 18 8 30 76 72 99 57 34 20
100 37 17 75 32 3 55 72 60 98 100 40 12 81 68 46 44 92 94 4 100 33 70 63 53 79 2 5 61 99 61 58 99 16 3 45 50 79 6 9 48 35 85 30 46 92 40 4 59 11 31 3 62 6 52 100 58 56 24 89 98 27 50 9 90 56 81 30 53 45 7 38 92 54 50 76 71 85 58 80 51 19 6 40 80 53 29 26 2 57 85 40 88 74 83 2 100 15 81 94 26
100 18 34 82 59 86 8 99 18 79 8 68 40 54 54 41 65 30 39 26 55 5 21 68 2 5 78 50 89 62 93 62 73 92 7 98 3 19 66 22 93 15 32 45 70 11 39 20 38 38 24 60 39 8 46 91 1 31 85 13 77 61 41 65 29 87 85 3 12 36 12 66 41 61 12 66 57 9 58 88 99 24 1 67 32 10 58 92 1 29 26 2 1 44 68 27 59 18 2 27 88
100 27 11 25 89 24 30 73 22 66 78 78 27 49 83 13 52 14 25 87 5 6 19 39 19 16 46 32 11 70 77 70 32 91 82 93 11 100 7 68 19 81 3 100 19 45 60 24 10 26 66 53 94 7 25 22 77 63 36 29 92 26 5 42 89 60 2 78 72 94 7 16 10 90 18 16 87 99 85 1 31 65 69 89 39 91 20 44 26 22 93 13 11 47 40 29 30 70 66 42 39
100 42 50 13 54 33 66 81 78 56 85 7 53 99 79 59 62 31 96 81 78 38 53 61 95 57 96 12 39 53 91 19 69 55 84 63 15 37 52 16 65 83 34 64 89 4 39 51 73 31 77 68 41 33 65 71 18 43 54 15 56 21 76 72 82 66 85 97 50 8 19 40 87 1 63 54 20 76 2 38 48 25 31 2 75 28 28 21 89 85 15 98 17 30 97 45 82 46 53 28 25
100 41 16 45 6 1 8 14 5 43 43 83 57 100 90 27 81 12 39 30 87 84 21 20 34 20 63 59 36 16 84 8 46 48 38 63 88 43 68 84 100 61 90 10 45 38 57 47 70 7 69 83 82 40 33 74 96 99 5 33 52 99 45 33 51 93 93 35 93 17 97 55 73 75 12 72 95 31 26 42 89 99 3 11 39 84 66 12 10 7 87 75 100 92 86 23 18 92 54 88 14
100 21 45 21 24 99 12 20 89 25 99 71 16 58 36 30 2 32 22 58 28 57 82 26 78 90 25 73 94 89 32 22 15 59 37 72 22 14 31 82 28 29 6 64 34 22 100 56 58 69 92 19 50 15 26 32 47 42 87 20 23 20 95 5 48 56 61 45 29 60 32 86 80 61 17 35 72 17 100 50 75 7 7 57 72 58 45 80 42 39 29 28 70 34 36 94 40 91 81 19 35
100 97 64 49 16 5 73 84 44 97 19 3 51 85 53 34 10 78 9 39 52 86 45 53 65 21 55 16 24 41 17 76 59 6 5 2 45 48 94 81 92 65 34 3 24 40 40 59 53 48 2 31 37 27 76 50 66 66 94 99 91 54 97 34 93 85 18 93 58 83 16 72 30 64 60 86 27 7 26 63 67 34 59 62 96 33 34 40 76 65 68 92 82 73 21 58 85 91 48 63 40
100 53 47 30 96 20 45 81 19 7 53 64 10 49 48 15 94 40 90 51 87 90 6 82 5 98 12 52 76 85 5 55 47 47 7 23 93 12 2 23 85 7 30 16 9 66 2 15 71 21 38 15 39 50 94 17 19 50 16 64 36 49 85 49 87 88 91 31 54 24 30 8 1 16 41 56 32 79 32 56 70 48 93 11 28 23 32 13 33 5 40 37 79 88 67 77 63 77 1 69 29
100 84 90 97 19 53 98 24 40 62 19 93 48 76 30 37 55 98 22 75 55 50 43 100 100 83 11 16 88 29 23 75 15 7 97 77 18 3 97 43 83 65 70 10 100 78 31 47 58 44 39 94 81 54 58 85 83 24 70 9 1 21 51 43 49 83 31 24 74 98 38 2 3 50 53 36 20 13 82 62 43 71 80 58 10 100 85 4 28 65 11 60 3 17 67 73 26 83 81 6 57
100 80 64 70 58 15 97 38 70 22 100 94 57 28 91 64 14 48 45 24 3 1 50 17 46 8 24 19 66 3 62 4 29 96 29 52 50 78 25 36 90 20 69 38 28 96 68 91 55 12 56 51 9 51 92 81 41 98 74 99 81 63 3 77 71 64 47 27 98 77 54 66 25 72 22 43 80 65 2 31 43 29 38 39 33 93 32 75 25 40 1 58 43 3 7 61 78 29 92 34 42
100 18 63 77 79 45 17 45 62 5 37 4 94 94 25 88 46 69 79 76 46 58 49 92 61 55 58 53 75 46 50 80 99 40 100 28 36 68 6 60 24 66 61 63 50 13 4 48 10 21 60 86 95 83 66 17 54 75 25 76 90 35 82 58 55 74 94 71 59 96 19 68 88 38 92 79 69 10 71 70 8 96 76 71 69 84 76 65 73 15 95 34 54 37 44 20 12 42 96 19 77
100 50 71 40 5 68 63 28 31 78 61 57 97 2 78 94 84 40 27 67 48 75 57 95 68 68 20 29 93 63 51 19 73 53 65 9 99 3 64 67 94 60 92 62 35 18 34 96 48 19 62 96 50 72 30 68 36 83 46 59 90 21 82 99 61 82 35 43 10 97 46 67 32 93 78 52 16 98 89 100 100 3 79 28 44 36 75 96 69 51 10 60 63 47 97 71 39 45 27 90 62
100 61 70 40 81 69 24 1 6 53 90 42 72 5 96 50 16 40 2 67 60 19 52 45 92 91 29 68 3 85 55 45 44 62 11 10 35 11 22 91 55 51 70 82 93 60 58 24 23 8 18 65 8 4 59 85 34 84 90 13 54 90 69 38 54 2 65 86 28 31 85 71 30 60 52 49 63 13 65 4 22 37 68 99 95 61 45 54 59 10 50 6 64 73 90 79 58 44 77 75 24
100 30 35 61 28 12 44 93 94 23 25 79 36 5 19 36 43 83 52 10 73 45 39 59 24 42 6 49 67 12 39 49 44 92 68 97 87 99 67 53 9 56 38 92 29 57 76 33 20 90 2 70 7 93 77 21 60 68 21 19 25 54 25 8 64 68 50 94 52 33 24 6 1 12 40 97 29 70 53 48 43 76 57 54 25 86 59 99 37 12 87 27 16 74 69 33 64 11 4 94 80
100 22 92 42 6 88 55 92 65 26 33 43 20 64 30 94 20 44 93 10 70 69 88 47 33 7 39 51 27 40 97 67 90 34 66 28 87 47 31 42 31 38 53 9 27 64 73 53 90 83 28 28 69 80 83 52 18 99 66 27 62 56 79 73 66 49 22 80 33 66 39 19 89 87 56 39 43 84 94 8 8 99 35 79 63 32 26 9 1 49 2 71 48 54 48 14 100 23 29 87 20
100 17 77 91 90 91 71 24 77 49 9 95 59 88 30 66 35 98 91 92 77 21 44 29 31 11 30 80 84 36 86 87 19 55 59 73 22 40 77 96 72 75 78 62 38 39 54 86 94 13 52 11 82 12 87 88 76 30 87 20 51 80 54 7 91 45 71 82 93 81 26 39 18 89 12 96 33 34 91 54 64 82 47 11 88 92 28 49 26 80 36 30 51 68 12 36 79 6 67 2 35
100 1 99 54 100 24 37 3 64 98 39 34 100 32 41 92 59 58 18 34 59 61 93 18 94 50 60 24 12 74 20 97 36 66 95 40 5 43 11 5 76 67 32 10 83 32 58 94 92 94 69 57 64 23 82 52 67 67 43 62 18 7 82 91 5 58 30 77 87 43 92 43 83 54 2 39 25 82 14 56 86 60 74 66 68 93 75 27 62 7 84 38 65 26 25 87 5 63 69 73 71
100 91 30 56 99 81 44 100 65 49 41 36 12 76 16 11 49 49 80 60 43 3 72 80 92 82 57 82 28 68 84 25 4 36 46 14 87 17 30 93 32 21 87 12 80 34 48 82 48 87 80 47 15 29 10 53 72 92 70 28 78 53 34 24 47 53 48 55 59 67 65 10 34 79 72 36 82 79 9 78 88 100 57 75 28 78 82 72 72 55 95 5 51 81 15 90 12 71 8 8 43
100 85 96 64 10 63 15 30 20 81 11 72 87 64 65 74 48 71 29 54 81 77 66 16 79 58 3 52 30 25 98 53 55 25 72 98 33 64 10 68 99 49 71 39 46 94 54 18 54 6 18 81 55 82 22 66 11 15 99 41 91 36 90 61 79 69 84 36 63 79 35 63 92 44 96 59 76 79 18 48 86 73 98 15 58 11 70 55 5 76 59 1 36 83 96 94 4 43 32 87 75
100 7 12 47 42 100 79 40 42 74 78 59 48 30 96 68 33 47 39 39 83 97 10 88 84 83 88 10 29 65 17 70 82 77 83 28 65 31 43 14 52 60 6 73 52 15 29 66 80 23 53 30 60 30 20 11 73 88 5 38 62 29 34 97 63 36 41 21 89 31 88 10 17 20 42 80 3 75 36 83 33 55 81 59 56 23 54 97 7 5 29 9 95 9 20 84 24 81 2 44 78
100 50 55 87 94 95 74 65 36 41 53 14 22 30 49 3 48 28 63 50 40 66 58 69 72 19 2 64 26 63 2 23 56 78 71 98 15 88 34 48 54 31 17 3 20 52 69 62 10 17 31 87 14 8 9 64 77 74 24 32 48 67 93 90 64 1 69 33 87 52 70 5 99 92 59 35 78 22 39 84 36 38 51 7 21 95 39 91 71 77 99 36 68 16 19 75 4 5 8 62 27
100 82 78 15 34 47 31 21 1 16 14 12 93 75 46 10 87 62 18 14 1 90 86 61 67 31 44 80 34 28 36 77 87 39 17 23 56 98 70 33 53 89 74 84 80 20 89 32 6 98 23 24 50 84 78 34 17 11 55 19 45 28 18 28 38 27 33 53 71 84 100 8 5 82 90 74 44 89 43 78 70 50 62 47 68 31 34 11 69 57 6 82 73 7 65 65 61 45 60 57 57
100 97 7 88 70 74 48 67 98 82 28 23 1 11 90 13 91 66 54 8 60 29 59 53 19 80 66 59 48 57 79 83 68 72 66 31 72 2 58 6 43 68 41 75 41 40 1 3 77 3 11 6 37 90 51 22 37 11 80 95 90 80 66 26 98 99 42 53 94 37 85 85 32 85 93 38 34 6 46 97 3 1 29 28 61 96 15 31 81 11 68 87 100 82 41 91 82 49 81 92 41
100 64 18 58 99 42 89 45 13 16 100 22 78 52 90 70 44 45 69 33 82 10 45 57 17 46 48 6 85 26 34 74 5 14 87 42 94 16 68 43 98 75 49 51 37 20 84 17 81 46 10 24 8 83 27 4 27 28 99 23 65 94 70 18 33 72 49 92 92 53 83 89 85 18 51 68 80 85 95 96 54 49 98 32 87 38 35 77 36 90 38 85 99 57 68 61 42 66 100 14 97
100 78 81 13 69 82 7 85 91 99 42 19 56 74 9 44 95 35 4 79 48 89 33 81 84 35 53 21 100 79 55 6 62 92 46 25 23 99 33 46 82 98 33 86 90 20 2 37 56 50 42 86 8 3 27 11 3 84 4 84 14 71 84 81 37 85 31 52 19 24 89 2 45 30 81 50 98 68 99 35 55 63 94 58 88 52 14 91 76 12 69 70 33 99 18 27 44 99 71 11 76
100 93 19 6 49 23 9 46 57 1 31 26 71 14 72 40 80 7 32 69 75 39 41 17 64 83 52 32 38 28 2 69 23 55 95 14 13 81 13 42 2 92 89 65 32 7 62 67 7 1 31 28 48 58 35 71 100 22 60 63 35 90 65 78 39 46 69 90 25 81 66 6 30 92 54 78 10 2 22 63 26 22 1 57 40 27 48 15 1 60 28 61 67 39 100 14 45 73 81 42 29
100 9 28 83 69 42 27 47 17 99 44 92 44 92 83 100 57 31 47 66 11 42 37 70 82 29 30 78 89 57 86 5 69 50 81 36 70 26 18 57 29 2 7 47 86 74 41 85 33 66 53 70 93 40 95 50 49 38 47 93 67 21 62 100 29 28 99 65 38 10 76 11 7 83 7 91 20 66 3 11 79 32 48 41 40 97 70 73 98 28 75 43 86 89 59 43 62 56 82 83 73
100 69 41 27 5 82 57 8 38 44 25 83 47 62 87 79 75 50 78 94 55 26 43 24 91 43 19 69 30 52 57 57 86 1 57 35 25 91 80 67 99 49 23 9 73 58 67 98 24 26 11 14 19 40 27 61 61 28 40 36 63 1 12 67 54 66 48 8 98 83 73 71 8 53 80 69 30 14 14 64 8 6 85 57 2 93 45 21 57 15 15 10 64 92 4 38 81 81 53 54 16
100 28 43 84 76 47 14 75 68 88 20 32 90 29 60 3 28 87 12 56 11 22 100 92 81 35 80 12 42 30 94 76 60 51 94 54 68 27 67 34 53 61 48 23 24 44 95 23 9 97 41 83 18 29 79 98 90 71 77 79 6 24 70 64 44 25 19 34 64 23 25 7 8 14 2 83 39 11 84 78 10 35 90 89 59 69 92 87 20 61 42 83 73 48 16 84 30 4 85 15 71
100 16 98 82 33 69 91 14 58 100 37 20 22 49 3 46 22 93 6 33 9 51 35 66 46 25 69 5 100 53 97 77 98 8 59 71 4 8 22 91 58 50 79 45 40 39 78 18 67 74 75 18 59 31 85 66 66 4 50 86 60 53 26 69 77 23 88 42 25 1 91 91 11 7 47 9 90 8 50 2 29 88 10 35 45 16 39 46 32 80 5 89 85 58 48 62 3 4 85 14 17
100 74 87 21 12 23 67 51 12 42 88 13 76 18 6 63 87 73 26 75 38 58 31 92 44 30 20 64 57 8 6 36 23 78 6 61 59 59 16 68 80 48 14 79 98 52 40 32 85 20 81 75 46 61 80 4 39 31 73 67 71 30 75 92 78 88 34 39 89 63 58 100 55 99 32 1 41 39 45 76 8 11 72 48 8 46 52 65 64 83 12 16 53 43 92 65 72 22 77 36 45
100 82 92 19 14 25 81 74 93 7 75 80 90 8 16 2 97 88 54 82 53 80 100 38 58 43 4 57 44 79 7 67 21 37 96 68 36 3 41 58 4 71 7 12 37 78 48 47 85 28 96 41 36 40 74 9 42 32 37 46 51 98 71 84 61 23 33 29 57 65 81 69 100 64 57 28 52 85 33 73 8 25 85 64 20 86 40 90 30 5 13 9 99 85 61 79 91 89 90 20 5
100 79 92 20 41 5 1 43 95 48 30 63 97 68 48 12 57 25 45 16 34 48 26 30 54 23 34 89 69 86 41 13 52 65 10 34 89 83 55 62 34 53 59 6 49 61 55 89 20 71 26 87 86 29 34 64 74 28 9 89 43 90 80 62 62 35 96 3 73 49 10 69 21 79 97 92 55 55 20 18 43 91 93 59 13 73 38 61 49 48 55 27 47 55 41 21 4 54 37 15 16
100 48 84 40 9 66 100 11 64 2 36 48 44 5 90 69 36 36 62 23 38 23 7 16 15 19 90 40 93 84 58 91 80 19 4 50 96 70 42 26 60 8 27 7 69 64 80 16 99 17 66 19 94 21 85 15 43 62 88 97 57 10 6 22 22 51 37 72 12 91 77 94 31 66 45 47 12 38 67 92 89 13 22 60 39 86 22 92 53 21 31 100 44 73 42 33 86 75 88 50 28
100 85 89 42 88 26 98 96 88 6 92 1 71 27 54 56 46 62 45 52 55 23 75 47 46 3 69 82 39 44 82 72 12 24 37 54 39 52 78 25 74 80 10 40 65 92 66 85 4 81 95 13 89 13 27 24 95 69 95 99 54 30 37 82 52 20 93 26 62 11 69 3 28 80 42 100 50 27 73 60 28 95 11 37 32 31 61 36 52 96 1 3 74 4 14 63 37 41 58 99 59
100 60 99 94 40 74 14 46 99 40 57 93 26 36 77 16 32 84 28 67 11 74 90 59 93 62 41 84 41 63 79 36 39 50 19 50 96 86 69 72 47 17 40 19 6 40 86 52 9 24 7 73 86 45 26 10 45 49 34 57 22 94 100 85 73 34 91 95 10 24 57 64 35 16 92 4 32 15 33 7 10 12 28 5 76 87 82 60 26 1 92 50 79 42 54 94 30 55 41 56 57
100 56 10 5 83 77 79 14 21 89 75 92 24 100 73 20 53 78 2 25 25 81 25 83 12 16 33 4 70 14 26 94 90 62 44 76 7 73 62 86 91 22 35 64 78 39 95 58 33 81 28 30 78 21 12 59 49 46 35 38 24 31 3 13 3 6 32 59 98 39 97 95 4 3 77 25 14 10 82 71 73 39 10 82 73 83 100 39 75 5 91 85 9 41 38 81 33 52 26 37 49
100 4 60 71 59 94 94 81 10 20 19 67 91 94 56 33 61 96 71 95 28 1 38 19 89 80 44 69 1 20 76 83 95 68 87 64 20 72 89 99 26 46 51 85 69 73 25 83 90 82 7 7 38 59 50 66 35 41 65 30 38 75 73 54 53 66 46 63 59 18 43 8 15 19 9 22 82 47 61 97 94 9 25 2 100 25 14 45 52 95 100 64 56 67 66 83 31 18 68 20 73
100 38 15 27 29 12 20 70 54 94 77 86 23 21 53 17 26 73 51 25 76 12 55 75 67 5 65 9 12 89 95 62 16 57 77 20 3 80 24 37 97 97 12 42 10 48 27 20 32 21 80 53 46 53 97 39 71 9 74 69 38 27 65 11 14 28 94 71 47 40 52 58 8 60 51 90 2 1 35 91 18 54 46 25 63 72 81 47 9 24 39 62 50 43 40 53 90 53 70 13 38
100 7 90 42 25 18 65 33 96 38 29 26 60 57 76 61 51 69 85 56 83 100 55 96 87 97 82 61 72 2 47 97 51 74 4 21 82 53 66 35 68 71 33 36 15 100 50 5 21 23 11 18 35 31 55 95 31 11 76 11 100 65 83 23 16 100 8 27 58 56 39 32 37 97 14 82 82 41 9 30 22 15 52 29 56 11 89 35 74 30 94 98 38 12 18 84 70 26 44 4 93
100 87 55 29 88 99 18 52 69 79 64 19 62 80 60 32 30 13 21 49 74 81 48 63 79 41 15 86 96 68 49 79 99 14 11 33 73 6 92 14 24 17 4 45 56 55 100 64 89 14 97 48 25 65 54 7 78 26 50 7 99 77 87 13 20 9 70 68 51 94 31 67 23 85 100 47 41 55 37 49 26 48 76 89 36 49 72 63 18 2 80 27 11 82 74 26 53 88 25 35 11
100 98 84 28 14 69 8 89 36 89 70 19 31 73 43 23 98 43 58 70 85 56 52 28 43 50 54 46 12 75 78 81 17 39 51 57 74 99 25 51 86 60 58 14 46 92 100 57 44 27 95 82 62 66 34 52 68 69 74 12 55 34 44 94 72 84 52 62 69 94 74 93 35 57 53 73 18 52 35 66 62 22 77 57 14 15 47 43 98 56 24 89 57 42 4 30 69 89 99 59 81
100 14 20 20 71 72 78 81 35 99 71 27 63 87 94 57 11 23 79 11 32 43 55 73 86 69 92 34 76 72 20 87 89 78 94 15 33 64 83 50 13 44 4 34 24 75 96 38 15 65 20 94 63 29 18 72 78 8 40 81 64 46 47 15 1 24 97 99 70 53 34 96 16 2 43 26 52 30 13 10 40 83 9 63 3 63 42 26 26 15 39 67 98 26 60 19 70 47 87 90 37
100 56 17 66 65 91 67 44 41 67 70 55 88 48 83 2 7 92 76 50 64 82 73 76 46 65 34 63 78 23 71 54 59 49 42 2 90 94 28 58 97 2 39 14 94 64 48 16 28 97 10 69 94 30 59 29 95 58 47 58 79 64 82 83 76 71 22 94 25 87 3 66 64 28 40 95 3 67 52 12 54 82 69 71 91 97 64 81 10 3 97 62 100 14 66 31 48 26 13 47 81
100 33 59 59 51 61 49 98 69 77 65 66 100 5 49 52 79 24 36 29 83 8 22 21 41 57 71 28 6 91 63 16 78 86 73 74 74 16 18 42 13 34 38 74 63 77 54 40 42 4 48 35 17 14 24 87 14 89 12 97 3 98 36 59 48 61 92 50 93 90 31 81 28 86 40 61 91 80 24 98 52 15 60 5 29 8 16 98 39 94 61 46 70 14 24 14 92 22 21 11 63
100 58 19 33 61 73 97 82 3 6 94 59 38 71 46 70 14 11 54 4 60 68 63 68 52 44 14 86 16 25 87 45 37 53 48 46 72 11 97 13 36 92 14 51 74 70 48 95 22 99 46 27 66 27 13 18 77 35 20 15 70 38 30 61 27 38 24 78 13 56 98 87 49 46 58 78 42 86 34 83 74 95 52 25 12 91 27 36 36 96 68 44 57 13 39 54 68 82 24 11 68
100 76 7 47 84 23 48 71 33 29 19 82 21 7 8 62 62 4 58 67 94 38 80 38 65 86 41 32 85 12 93 90 86 72 1 89 39 55 62 87 11 89 27 80 97 81 38 8 28 39 66 58 35 98 58 82 94 17 93 7 77 61 53 27 53 30 86 25 58 28 69 58 25 40 91 78 59 90 93 73 86 82 25 9 2 64 55 25 21 78 85 20 93 72 49 90 71 31 38 88 38
100 3 34 8 21 52 86 39 30 56 31 46 76 54 94 60 52 11 99 94 12 81 92 26 73 82 45 66 31 7 24 29 31 86 47 20 13 92 73 95 24 95 18 95 83 59 18 68 49 11 18 59 61 23 80 13 88 43 61 97 21 79 24 52 21 65 37 64 3 83 15 10 30 42 67 32 57 78 43 19 56 89 60 78 87 46 13 34 96 2 56 93 1 53 66 10 11 55 11 22 97
100 71 48 57 71 18 11 48 72 73 20 96 38 41 37 65 94 83 79 64 82 11 8 15 4 58 19 94 22 93 59 35 90 31 37 3 17 62 56 84 51 53 54 72 95 74 17 64 14 74 47 87 41 35 80 90 92 83 7 84 93 30 44 82 82 34 81 96 41 99 63 64 90 99 8 9 66 100 59 13 35 96 1 35 71 98 43 51 63 98 9 4 69 75 62 57 74 14 93 29 62
100 37 20 76 17 85 7 26 64 40 69 94 21 59 8 77 61 23 87 99 100 89 53 23 70 84 40 94 80 34 88 41 93 46 91 32 21 29 74 87 25 42 13 40 85 64 8 48 6 23 70 28 3 66 36 12 39 36 91 6 34 54 14 100 62 21 43 35 72 69 85 53 92 61 9 31 26 32 89 80 55 61 85 62 52 87 85 15 54 43 64 93 55 10 8 30 100 60 18 2 36
100 91 57 91 14 94 59 79 80 33 44 38 36 90 40 71 19 66 56 96 44 14 5 22 59 74 5 100 4 83 70 9 56 21 89 13 83 84 20 60 3 1 45 81 56 37 55 49 77 81 54 32 72 8 55 11 38 46 46 81 6 87 57 48 72 5 50 71 22 32 16 97 39 78 3 41 100 79 50 45 56 71 11 58 68 47 62 62 12 10 54 57 17 12 85 34 32 34 19 78 80
100 69 31 75 84 26 18 46 40 79 21 27 38 91 69 19 52 64 38 16 18 86 81 85 94 9 68 48 37 31 8 73 16 36 49 10 91 87 87 77 39 18 16 23 66 51 38 69 34 69 15 1 22 34 72 40 13 62 36 70 97 90 14 84 36 88 26 1 3 27 5 33 78 31 58 92 24 2 2 82 52 50 9 40 14 14 82 90 21 29 62 84 10 90 72 24 89 90 58 94 48
100 28 44 94 69 35 1 95 93 23 32 61 55 18 27 66 69 42 36 7 3 7 38 2 35 35 63 28 46 42 24 67 54 52 57 81 91 26 99 84 67 56 20 3 66 66 83 43 47 98 77 68 11 86 44 83 32 44 6 44 37 51 90 25 61 22 15 45 65 7 2 67 56 64 75 59 86 17 51 55 12 99 6 28 24 90 72 96 61 63 66 88 39 77 74 35 77 49 15 38 59
100 70 60 44 50 71 12 9 75 16 41 70 41 43 10 43 11 66 85 97 74 99 93 77 19 33 17 7 66 11 84 48 64 48 62 30 3 17 68 85 92 90 7 47 40 51 89 9 28 55 65 78 52 68 70 6 51 91 48 63 37 51 91 96 9 49 28 34 50 26 30 100 42 80 58 31 63 7 76 63 14 33 34 22 1 94 2 71 16 58 65 48 57 25 2 85 14 24 86 44 27
100 49 2 20 36 93 90 54 29 4 34 84 30 86 14 67 11 61 7 76 29 14 69 54 26 89 16 79 50 45 4 91 83 88 57 4 20 90 31 92 2 36 7 9 40 73 75 47 69 85 9 30 20 100 52 61 16 70 66 98 10 65 62 89 40 78 90 37 8 34 29 93 14 100 68 64 79 100 38 71 31 86 7 100 74 84 30 92 27 42 67 47 81 16 16 12 4 35 26 25 32
100 22 64 84 38 97 88 47 80 51 60 50 13 20 33 27 54 17 14 52 12 60 20 1 24 9 61 65 14 96 88 31 98 82 16 18 24 25 20 65 74 15 83 98 24 67 8 13 89 72 34 69 93 76 27 77 59 73 43 76 86 3 44 75 55 1 40 99 38 42 3 3 50 28 92 29 18 83 39 20 51 24 21 67 96 98 99 9 2 39 96 64 28 29 39 34 46 71 86 26 82
100 14 78 76 56 17 87 84 9 52 82 100 35 62 6 41 76 78 81 79 20 52 1 71 100 18 52 46 25 65 24 97 2 23 32 52 24 42 83 62 84 2 90 51 90 41 98 37 85 16 64 74 22 48 23 51 91 34 12 14 89 79 19 58 62 23 85 47 17 52 18 21 79 78 51 47 48 14 50 93 35 8 69 59 79 9 44 33 63 45 74 15 86 100 56 66 48 64 78 6 48
100 47 11 71 70 66 87 31 52 57 48 14 34 38 71 84 25 10 89 65 14 84 94 19 95 5 13 65 57 77 86 60 100 78 25 61 10 91 9 51 31 69 77 3 43 11 90 56 33 13 14 38 87 41 37 97 77 73 39 98 58 65 90 33 94 26 1 55 89 57 38 60 85 82 81 30 81 53 23 80 90 6 59 69 50 33 78 49 71 25 90 55 74 50 29 73 86 18 84 77 89
100 97 16 73 49 25 52 89 67 93 37 73 74 26 27 78 11 52 66 15 66 92 46 90 4 51 99 73 72 55 64 22 65 93 70 50 80 50 62 9 55 87 21 72 42 33 32 25 95 95 100 72 82 47 98 84 71 43 97 16 27 40 22 79 12 42 69 83 26 28 38 54 52 20 82 12 21 62 57 82 32 68 16 91 99 21 84 32 76 88 86 26 91 26 42 60 65 37 36 61 10
100 47 26 63 95 62 44 42 4 97 49 76 48 65 39 81 28 35 59 64 72 45 39 76 98 96 56 57 37 44 44 43 37 72 25 50 78 54 20 5 59 95 22 4 90 96 37 76 6 8 86 38 64 62 35 1 46 59 80 86 81 61 36 49 35 27 90 17 79 93 17 33 77 100 78 34 50 23 32 26 40 93 23 31 38 79 22 93 12 63 78 26 2 6 52 68 71 67 90 1 61
100 33 48 30 47 47 10 22 40 68 94 31 35 78 48 55 68 76 65 20 11 87 49 42 79 37 57 27 70 81 46 77 71 63 64 12 21 61 6 51 60 41 11 45 43 66 2 89 49 41 31 91 44 63 19 38 100 8 10 86 92 52 56 91 40 84 21 80 35 61 94 59 15 52 2 26 31 81 77 23 13 54 73 97 95 36 86 66 5 13 76 85 52 65 1 93 33 6 64 53 100
100 24 90 76 67 63 71 81 56 96 53 99 61 19 50 94 71 86 72 53 30 55 62 77 91 47 25 16 55 19 4 92 84 25 74 3 10 93 23 82 46 23 30 14 31 4 42 67 21 4 43 77 19 41 64 41 44 99 96 96 27 5 18 20 53 49 78 95 99 25 49 22 44 49 28 35 49 13 98 23 73 70 68 76 45 41 87 61 13 48 13 41 55 90 73 40 21 16 13 46 26
100 41 18 24 83 26 23 56 41 46 97 34 90 97 3 2 26 30 10 22 27 67 58 82 61 93 85 11 4 56 85 22 48 16 16 12 95 48 38 19 41 71 20 48 93 61 72 53 20 24 90 55 29 40 18 80 60 45 63 98 32 40 12 40 35 6 22 27 44 36 39 49 12 68 94 90 98 49 7 99 70 82 66 84 21 98 16 27 32 76 19 39 58 38 88 8 13 78 70 55 33
100 68 76 86 55 33 99 3 72 66 44 89 92 62 27 37 96 21 62 79 30 57 15 53 85 22 27 5 92 82 32 94 94 16 31 22 80 14 100 71 24 75 39 7 55 39 91 35 54 38 58 95 76 67 85 41 91 21 78 64 2 33 12 96 80 55 58 100 33 56 85 18 78 77 59 9 85 17 33 33 10 49 37 17 8 16 45 37 9 3 1 58 22 67 95 35 27 14 86 69 68
100 9 64 57 9 7 30 39 8 84 58 75 16 1 31 39 45 87 22 15 19 15 28 36 48 64 65 61 55 85 15 49 67 18 67 7 10 66 38 52 27 16 68 46 74 30 40 21 19 84 60 74 84 54 23 53 17 52 20 69 19 3 13 80 81 40 14 13 92 90 29 61 26 61 87 89 2 18 28 13 26 59 24 87 57 39 26 8 27 15 67 12 88 12 16 21 54 25 36 73 61
100 78 41 70 17 67 70 32 41 42 75 37 34 44 61 89 90 10 72 28 92 85 51 77 6 1 80 54 15 94 45 93 95 82 63 58 64 14 25 7 26 16 49 63 51 42 43 60 74 49 11 6 7 98 22 52 52 57 33 41 50 36 82 72 50 43 79 35 47 62 69 47 46 8 18 69 90 47 67 16 34 5 62 26 52 26 96 69 71 49 22 99 61 69 14 75 35 32 93 95 55
100 15 97 35 5 97 21 11 94 58 89 90 73 97 32 15 95 17 71 64 15 29 33 63 95 99 74 97 50 55 85 59 11 69 25 91 30 28 52 75 35 83 19 97 72 79 58 62 84 79 26 82 43 12 68 83 96 84 89 38 99 97 3 95 30 40 18 91 42 29 41 71 85 34 92 77 7 75 13 68 52 1 54 42 80 83 81 85 92 2 95 58 53 96 86 86 34 93 68 92 5
100 90 89 36 76 48 9 58 54 34 83 19 97 85 33 57 57 61 58 94 11 12 61 58 13 92 20 33 55 22 69 93 39 6 13 10 56 67 4 73 12 91 29 83 73 52 71 45 23 62 44 58 17 25 30 49 14 4 15 40 15 100 48 22 83 75 3 77 38 92 60 29 26 67 35 94 27 70 51 60 30 16 43 76 79 75 30 19 53 49 41 95 72 83 78 36 49 17 8 28 24
100 39 26 78 75 10 9 30 71 100 61 14 54 4 27 37 64 33 42 56 46 22 8 30 44 64 9 98 31 89 60 96 92 12 41 9 96 67 42 16 13 16 90 1 50 48 96 14 60 90 98 89 40 28 17 84 77 45 24 52 11 31 42 5 49 51 70 29 45 86 80 44 30 35 85 95 71 36 98 64 27 80 33 85 1 74 21 79 94 59 68 31 21 98 32 35 43 29 16 46 69
100 4 22 21 32 86 26 15 24 52 76 38 77 50 63 4 66 53 14 9 27 11 100 57 42 34 57 14 6 24 79 84 38 85 39 57 25 79 46 82 14 58 96 87 74 96 76 11 66 4 72 50 32 19 9 48 62 28 4 69 83 97 80 80 29 4 60 90 32 64 24 54 37 17 4 38 23 42 41 61 71 52 9 72 38 57 78 92 85 96 63 17 65 97 62 73 61 49 78 45 41
100 43 29 69 89 23 94 20 67 15 78 22 38 24 80 13 31 71 35 19 26 77 8 94 95 10 86 55 100 66 79 2 8 14 88 2 81 20 68 93 93 41 50 30 94 9 41 26 73 95 57 87 74 32 8 24 83 2 83 7 46 80 84 92 65 31 1 10 77 33 15 40 83 71 73 38 84 27 27 31 3 19 35 11 93 52 3 58 40 87 13 84 61 18 65 40 9 36 17 44 87
100 34 19 11 68 21 39 77 28 45 28 36 65 81 6 88 18 90 86 66 18 51 21 58 55 33 34 46 42 63 32 4 65 62 32 24 85 15 5 91 49 11 22 4 87 44 69 68 66 41 46 18 34 52 55 85 29 52 95 30 22 2 32 98 84 41 46 76 84 17 3 53 84 31 78 13 78 11 72 41 33 90 34 10 34 24 85 46 78 33 20 16 84 60 64 71 59 8 9 10 55
100 35 60 70 41 62 93 45 12 64 60 59 90 24 41 92 52 97 25 68 91 100 92 71 28 96 45 10 47 63 53 76 25 5 92 30 87 46 57 8 55 46 64 40 46 88 23 74 99 33 7 91 16 38 73 53 99 88 57 23 88 97 14 24 38 44 12 65 51 11 67 24 10 12 97 78 32 34 23 41 99 82 14 96 16 58 85 87 51 63 27 14 81 51 3 19 22 46 95 72 53
100 72 3 59 9 88 34 36 65 41 15 9 16 90 18 18 60 77 62 68 78 29 40 12 7 72 94 5 13 28 33 94 80 90 96 91 40 29 4 23 85 85 49 10 18 28 68 9 71 75 78 43 74 74 95 52 62 37 81 78 79 38 79 3 61 72 80 65 39 83 70 21 56 87 87 96 86 36 27 45 95 99 38 3 1 34 77 14 65 1 21 61 49 52 72 67 75 3 18 88 91
100 46 64 56 69 3 55 14 47 37 27 43 2 9 90 73 90 64 97 7 69 9 2 43 94 87 89 39 16 6 17 11 98 18 66 51 77 96 66 93 24 93 21 10 8 22 10 53 49 70 83 70 38 4 28 68 57 45 33 94 34 22 83 89 82 23 30 67 55 38 8 61 51 11 28 90 11 86 2 11 75 11 36 51 19 31 47 88 96 35 21 93 33 90 30 7 82 41 1 3 36
100 71 77 13 43 71 9 23 56 12 22 18 82 67 35 31 13 90 83 54 19 74 72 78 10 83 11 49 78 96 57 15 56 20 1 23 1 9 63 38 34 33 17 99 16 46 77 100 20 39 12 96 64 52 50 23 81 45 42 2 86 96 9 87 54 23 100 49 51 29 11 42 11 16 93 62 76 76 1 32 63 49 54 68 12 47 8 83 2 43 91 12 19 89 38 48 59 80 33 76 87
100 19 56 60 40 14 36 51 66 18 91 35 23 94 100 99 72 89 61 67 88 9 26 97 99 19 91 65 91 46 90 20 95 75 66 78 49 58 24 30 22 86 24 63 91 66 4 92 75 76 53 14 76 4 59 38 72 46 73 38 98 2 61 96 13 5 50 22 13 37 39 74 88 65 95 38 64 51 8 37 85 98 69 72 65 76 10 67 93 82 74 40 95 72 64 74 44 89 51 47 13
100 38 14 76 1 63 37 59 30 42 38 36 46 1 37 5 81 64 19 31 70 7 17 73 62 14 25 76 44 55 17 50 52 10 38 64 47 16 61 35 33 29 40 66 38 63 71 38 41 85 77 60 3 30 84 55 89 67 97 63 14 7 65 66 87 24 41 70 48 44 55 52 28 84 67 71 46 70 10 78 8 46 98 48 44 73 39 6 46 53 16 38 20 93 11 71 62 81 36 49 15
100 88 40 56 84 14 15 38 48 89 35 33 48 80 60 99 22 45 26 56 49 4 34 63 64 17 74 65 37 13 98 95 56 6 83 86 52 44 28 4 62 43 100 3 10 74 1 47 48 47 78 27 28 41 19 92 81 15 90 84 87 67 97 10 43 3 37 55 42 5 66 93 75 54 85 65 81 17 67 7 69 1 51 62 29 4 7 30 99 60 59 17 44 43 60 70 61 72 21 46 63
100 34 77 33 95 53 92 82 46 40 27 26 95 84 87 94 92 24 74 13 54 62 18 7 18 62 42 1 100 11 24 95 34 38 8 60 50 36 56 14 29 60 89 69 62 69 48 54 47 65 19 96 90 10 99 71 83 44 37 33 66 58 4 46 89 2 85 97 21 74 54 86 38 96 13 40 24 10 66 22 44 73 24 21 4 37 56 48 8 100 31 92 58 91 28 40 13 53 75 74 66
100 29 60 29 44 61 11 90 94 25 28 22 91 33 47 94 62 97 92 54 76 59 10 40 68 16 77 28 73 60 5 57 55 16 38 59 15 98 14 64 5 84 22 95 93 47 14 92 46 11 28 77 60 84 92 69 60 47 14 66 26 99 52 99 39 3 18 40 37 24 88 91 100 1 61 79 82 63 95 30 31 16 54 81 48 84 26 9 98 90 60 31 80 41 40 71 94 10 91 37 16
100 75 72 48 79 46 84 25 6 68 15 6 69 50 46 43 47 22 28 50 83 71 21 29 58 26 46 74 8 41 50 85 45 66 41 78 2 57 72 86 56 55 66 42 8 67 27 42 58 7 98 57 65 96 52 67 58 95 88 97 13 36 29 24 3 93 29 88 45 13 88 36 57 15 88 87 33 57 97 3 45 86 64 6 26 80 46 6 73 12 42 18 81 67 76 83 91 53 98 25 84
100 57 100 82 49 45 5 37 78 94 44 25 19 20 25 25 81 98 18 56 78 32 34 97 21 34 70 33 29 2 17 62 64 43 13 8 7 13 41 23 53 24 94 16 69 68 91 1 54 100 17 79 79 32 95 36 16 21 31 90 72 91 62 55 43 22 83 86 48 69 80 75 73 49 68 72 15 39 17 67 78 9 74 38 68 35 21 17 34 44 28 90 45 77 49 87 83 57 44 33 79
100 4 9 39 74 92 44 49 36 69 26 99 55 20 97 6 7 61 15 1 71 55 4 58 99 79 94 60 19 70 78 64 13 24 58 40 20 8 77 96 93 92 91 69 55 99 35 25 82 72 63 12 63 3 27 1 28 90 21 64 59 32 81 80 14 77 5 30 95 79 64 56 22 75 41 24 64 13 35 26 37 17 75 97 83 86 14 55 10 37 38 52 20 11 28 96 54 56 11 88 96
100 56 28 54 58 8 78 58 76 22 37 37 50 7 48 42 9 9 80 32 13 69 96 67 52 95 31 19 20 97 53 63 1 75 29 44 94 72 35 81 90 6 50 11 67 79 31 73 31 8 26 1 31 69 37 3 37 96 6 60 61 55 17 55 96 79 72 32 26 78 80 42 86 41 14 39 72 12 74 91 20 44 11 97 10 98 23 66 30 90 87 80 100 15 72 44 68 30 21 25 57
100 54 53 4 17 23 48 45 51 28 2 48 40 83 64 65 70 23 87 89 31 41 59 41 70 4 90 18 17 31 46 48 12 29 14 5 33 32 80 41 62 63 66 31 19 2 7 7 92 65 90 32 40 1 44 42 35 70 95 32 75 34 77 80 2 51 74 99 60 96 78 92 89 18 68 1 73 22 87 77 4 40 22 79 41 58 25 36 70 11 2 31 51 43 50 17 1 7 39 59 17
100 95 87 69 89 28 59 55 31 5 34 50 2 67 28 97 34 92 63 57 28 28 57 39 79 86 44 11 22 74 7 65 36 21 35 16 62 50 19 58 7 49 32 95 85 66 88 67 32 47 89 75 81 80 47 72 41 11 15 71 4 23 72 16 29 18 93 30 68 88 19 77 39 92 53 7 62 34 86 73 62 51 52 37 69 8 59 70 52 30 88 40 49 7 56 66 44 38 45 62 78
100 77 81 86 6 60 66 46 16 95 14 99 27 4 54 16 47 63 30 40 52 43 78 2 18 53 48 77 78 17 79 64 69 2 55 43 84 63 6 96 48 80 55 44 29 10 6 31 91 43 73 35 81 62 10 93 86 82 33 66 69 76 20 48 36 34 86 22 61 7 10 18 30 49 59 6 96 38 54 82 35 60 10 79 48 15 47 58 95 78 9 12 7 33 48 87 73 41 30 95 46
100 99 69 79 86 32 76 59 14 66 18 45 77 87 74 32 31 94 9 60 66 52 13 41 27 1 42 32 50 81 79 88 45 42 4 75 83 46 52 68 88 3 86 37 57 47 13 57 88 39 61 63 78 96 28 87 45 40 26 15 23 95 33 15 72 18 2 26 90 6 33 44 39 66 91 100 33 93 27 75 74 75 50 60 25 31 4 83 1 39 33 77 33 10 68 93 82 70 15 73 62
100 57 68 77 66 49 81 45 39 5 48 66 37 4 41 34 56 89 88 69 44 16 70 29 44 23 68 58 31 89 32 91 40 78 33 25 25 17 70 17 63 2 47 54 69 35 61 81 62 97 91 81 60 93 53 35 55 5 89 78 19 13 72 52 60 90 40 17 12 59 40 70 15 56 98 15 78 56 6 25 12 59 23 62 51 80 51 23 24 82 98 80 59 1 80 9 93 68 85 17 43
0
