100 85 87 11 37 89 12 84 20 88 29 19 54 8 30 53 12 42 23 90 96 78 93 82 21 93 99 77 1 42 68 52 71 41 26 12 29 38 16 58 52 77 9 22 11 72 22 6 39 36 94 55 54 6 24 38 51 93 13 92 93 40 1 12 78 29 17 38 17 85 31 89 37 41 59 82 44 74 5 13 60 49 23 26 24 53 84 72 76 25 87 2 36 39 96 39 2 43 37 28 6
100 54 74 25 39 86 34 12 69 27 100 81 87 36 31 59 39 64 86 42 76 69 100 52 92 67 92 6 58 41 41 70 11 48 51 89 54 73 58 67 66 58 59 64 77 59 96 35 30 79 84 82 51 21 29 93 57 67 99 36 78 5 22 4 66 72 51 10 78 83 96 7 14 56 70 28 88 100 57 25 10 61 19 89 41 89 45 77 97 51 47 55 2 85 79 27 32 97 2 44 75
100 30 71 80 65 16 73 90 82 45 27 62 35 34 91 19 39 53 37 53 62 40 41 85 27 63 73 38 77 56 52 31 78 36 64 75 89 31 95 81 14 97 69 32 60 63 47 84 35 61 3 20 12 14 17 23 71 18 34 13 68 73 56 71 26 64 78 95 52 69 66 87 36 39 20 41 86 20 65 24 31 41 46 86 29 60 80 57 100 14 65 89 2 82 68 99 2 53 93 52 78
100 40 33 62 85 49 46 60 85 32 44 50 70 13 47 55 63 43 56 22 41 14 95 21 10 90 67 16 56 57 54 47 97 75 63 67 11 42 98 58 4 40 27 47 76 89 100 44 78 6 49 48 34 52 34 93 17 55 24 46 12 38 20 99 47 16 61 38 68 34 13 98 36 79 8 19 41 49 17 92 60 53 73 29 19 3 10 9 7 73 53 45 28 42 60 12 48 31 56 22 42
100 29 2 24 49 6 53 97 54 42 93 51 19 14 99 6 52 15 78 34 32 37 56 16 73 28 17 18 73 37 98 44 23 62 38 20 50 16 4 71 97 10 96 57 95 19 67 54 6 12 58 71 71 87 2 41 88 52 12 78 66 58 48 48 30 39 36 51 76 14 3 39 92 2 67 43 13 96 92 51 51 30 71 80 41 98 99 30 24 90 64 11 27 29 58 62 71 59 76 27 15
100 83 55 6 38 42 41 80 45 46 96 79 33 89 44 34 49 47 91 60 85 5 45 1 7 83 48 86 71 58 63 55 6 8 48 8 15 55 34 61 23 44 73 75 19 45 33 79 12 21 22 46 7 83 24 12 35 43 85 15 16 12 100 52 66 85 66 4 87 87 91 4 30 83 80 55 89 74 15 13 54 16 56 70 70 35 72 1 87 49 35 23 76 73 88 12 43 37 64 35 46
100 76 56 11 95 30 37 91 51 48 69 80 19 18 53 94 63 17 53 11 66 83 97 80 90 77 58 70 56 84 36 65 29 80 11 94 34 82 8 62 50 83 12 30 18 52 85 75 76 57 4 39 37 74 82 50 82 96 90 26 2 47 89 98 19 12 26 91 18 27 77 49 48 71 19 97 99 13 35 17 43 51 85 71 75 61 40 51 48 7 81 73 4 66 54 50 7 9 29 20 8
100 16 100 28 63 12 11 89 92 78 81 71 59 15 2 41 93 85 81 1 44 28 66 66 32 4 85 64 7 22 87 68 99 34 33 23 2 42 67 48 15 46 73 78 64 69 21 72 71 93 46 30 87 28 66 17 40 57 100 98 78 42 12 99 56 24 52 29 69 97 59 72 24 43 8 6 38 21 62 5 33 51 7 27 75 11 84 10 52 18 84 58 25 43 33 30 39 22 52 44 72
100 54 16 56 33 17 75 31 5 59 100 59 38 83 28 59 26 49 12 66 85 67 97 40 90 7 73 48 16 49 23 18 47 95 89 96 92 77 92 9 18 83 35 42 27 38 17 61 55 75 63 4 95 91 67 86 15 32 53 49 82 45 67 8 35 41 74 9 62 58 4 47 43 70 96 54 15 47 62 96 38 3 80 64 74 75 98 86 66 49 16 41 62 17 93 49 15 12 76 26 98
100 29 39 67 14 26 10 3 59 23 79 17 47 58 52 31 33 14 26 89 21 29 54 45 63 98 90 91 2 33 11 87 65 78 68 11 10 44 26 38 3 66 92 64 3 37 46 55 61 53 67 75 47 26 72 56 14 43 40 44 6 10 25 12 26 44 57 87 83 76 87 14 59 31 56 28 44 82 79 94 33 91 81 80 25 19 85 78 99 53 4 85 39 53 1 38 3 88 41 25 66
100 71 65 28 66 87 97 3 80 34 34 28 50 77 27 27 5 56 30 100 81 32 10 34 87 68 12 72 18 21 7 51 29 71 89 67 32 5 57 35 50 42 51 67 16 59 15 17 73 61 38 93 93 59 38 82 99 41 20 94 95 19 5 82 22 37 86 39 59 1 25 97 22 64 6 17 98 23 27 70 63 78 81 65 23 66 27 51 16 54 88 57 56 71 41 42 63 18 73 20 81
100 29 90 28 92 14 85 98 82 88 65 82 37 78 32 76 2 26 83 83 81 33 17 16 71 49 24 91 46 4 49 82 15 78 34 98 24 99 21 64 9 52 19 25 38 15 34 55 80 78 89 87 77 20 50 11 52 96 86 80 30 25 50 30 56 23 94 17 47 14 40 29 98 27 26 14 82 24 56 37 86 71 88 58 75 53 16 26 56 17 56 19 64 31 5 11 37 53 90 34 27
100 73 81 96 11 34 86 90 21 37 85 2 7 17 45 30 72 94 18 6 71 79 3 22 50 80 85 70 42 47 74 57 66 34 53 33 96 81 71 25 88 86 21 79 73 27 9 37 53 73 29 94 65 79 38 58 18 82 23 38 14 94 93 50 19 75 27 17 31 11 97 71 6 71 49 11 76 38 26 36 71 97 27 30 85 77 44 30 58 67 82 35 98 9 89 40 26 23 12 11 86
100 77 83 47 94 21 72 62 98 97 73 91 96 34 83 31 44 20 89 75 68 21 67 1 94 74 48 40 76 50 71 11 42 86 75 35 94 54 63 64 97 52 38 29 86 63 38 52 69 96 40 34 27 22 8 92 65 97 80 38 83 51 16 42 30 67 52 29 9 99 29 98 41 53 5 44 44 66 98 9 46 54 59 69 71 49 40 13 64 43 15 22 44 92 96 2 67 15 61 2 44
100 64 47 91 79 37 18 22 50 86 51 74 48 57 84 80 93 57 20 51 31 68 27 76 100 16 62 13 29 18 23 61 61 5 64 83 47 59 64 32 5 95 48 76 98 30 9 33 95 16 38 3 49 39 10 47 94 35 74 83 99 82 63 36 10 47 16 91 37 16 61 26 59 13 85 74 94 41 36 78 83 5 42 51 3 100 93 100 22 29 41 98 22 53 71 89 93 8 12 33 32
100 99 52 43 82 92 63 48 5 61 90 36 84 84 87 89 80 84 68 31 32 26 47 56 25 55 92 65 4 77 31 75 73 34 52 44 69 4 73 95 58 83 39 7 73 69 29 92 58 59 75 72 73 46 51 4 98 1 30 23 42 90 89 21 72 73 18 45 59 41 55 58 38 86 43 79 85 27 45 37 10 68 29 6 31 21 5 35 31 26 37 41 63 56 79 21 8 65 3 70 75
100 15 18 49 5 90 50 43 53 36 70 7 47 20 52 18 72 31 57 80 72 55 33 65 48 89 64 93 94 97 89 59 2 78 57 12 59 89 12 28 58 3 25 70 47 66 31 20 67 56 48 7 47 68 85 28 47 47 49 93 45 74 65 95 37 82 9 32 51 68 72 54 97 4 68 70 51 15 29 96 40 64 38 84 73 76 79 6 66 4 9 47 39 76 63 51 9 75 21 20 93
100 78 4 9 13 83 34 48 59 2 4 18 23 55 54 15 21 31 57 3 68 98 97 9 66 90 3 31 20 69 2 12 79 9 18 88 97 20 81 83 26 84 50 9 96 25 16 73 89 2 89 70 1 7 48 54 78 32 52 87 48 4 79 28 75 89 36 9 43 55 97 51 81 44 48 58 100 70 40 89 94 29 9 56 13 5 26 98 76 39 24 51 52 32 60 13 58 39 68 42 79
100 36 62 68 31 31 62 17 97 83 83 44 80 87 42 85 88 34 16 18 92 51 54 58 37 50 70 18 43 82 71 4 3 23 45 83 37 84 60 74 45 86 73 9 6 9 45 21 10 60 93 89 69 3 69 25 85 44 64 75 75 31 49 34 97 65 86 75 87 64 70 12 95 40 65 43 5 30 76 60 8 66 54 75 25 80 75 40 37 95 18 17 58 65 86 78 91 32 99 32 29
100 15 24 20 47 61 51 5 84 63 92 53 69 39 66 84 61 65 30 3 86 35 77 75 87 89 78 94 15 17 15 99 50 76 62 3 57 62 92 40 8 91 76 69 97 85 85 77 28 51 15 61 27 13 93 77 87 31 37 27 28 100 87 99 26 83 64 98 26 21 35 50 25 35 34 28 20 15 40 89 16 53 62 63 72 35 24 44 78 78 63 57 6 30 93 68 23 53 41 80 100
100 51 68 2 67 98 65 18 18 53 30 12 46 68 79 77 13 79 17 6 31 95 51 7 57 13 57 30 39 38 15 83 57 25 64 89 65 85 17 2 79 34 36 95 57 11 14 63 62 99 89 77 23 77 15 31 82 26 93 26 23 85 32 56 92 29 10 49 8 83 65 45 20 24 13 21 34 83 83 68 72 25 30 17 37 100 65 7 79 34 56 75 30 67 49 31 97 25 7 40 35
100 33 10 79 67 6 33 42 77 60 38 34 53 67 64 24 31 94 39 20 26 27 79 1 57 91 79 24 96 51 78 57 75 66 57 4 22 4 49 34 61 69 78 95 51 35 93 40 15 100 35 81 10 22 84 93 56 14 20 67 13 21 100 69 56 59 76 4 48 86 36 34 7 46 29 36 93 63 72 16 37 36 6 8 51 24 87 18 66 71 85 55 5 66 60 35 21 72 24 62 41
100 88 79 17 15 24 1 8 27 85 26 1 54 74 16 35 65 63 46 80 8 35 70 73 54 77 74 7 11 4 61 95 74 10 49 59 20 35 56 45 81 39 41 41 62 62 69 67 1 25 4 79 30 41 82 45 14 92 59 97 6 80 27 35 17 44 78 85 71 14 64 29 28 99 69 50 73 34 89 40 45 20 70 12 87 58 91 10 44 66 22 90 77 47 2 18 92 42 11 90 20
100 25 42 21 58 44 8 88 34 13 76 58 43 50 78 70 24 61 92 34 80 62 59 17 5 13 38 75 50 32 67 14 30 58 74 97 69 61 13 13 66 77 62 44 66 42 88 37 61 43 4 71 74 10 51 70 14 43 22 96 70 86 83 81 58 14 8 17 44 36 65 51 73 42 42 63 30 99 31 94 73 59 25 26 59 81 46 85 48 33 20 27 7 49 98 44 52 79 56 24 11
100 60 30 61 26 53 70 59 91 23 35 96 57 30 9 79 29 43 70 67 30 14 74 48 34 59 76 90 11 5 86 39 98 89 76 100 34 33 100 72 33 29 73 15 9 72 17 85 94 27 33 27 28 31 6 33 92 33 38 55 24 91 98 98 5 71 26 70 64 52 13 53 53 48 100 87 8 28 34 10 5 27 15 57 83 71 66 40 6 75 8 52 67 30 79 65 25 22 16 57 17
100 39 46 27 73 34 56 25 55 39 6 76 94 46 23 38 35 7 43 31 18 81 76 47 27 6 95 83 32 66 99 16 1 40 77 51 11 34 54 68 66 16 50 36 57 96 69 57 84 22 65 84 22 52 92 70 81 37 4 81 24 78 54 40 95 87 51 46 70 16 9 92 72 31 78 89 75 81 46 78 41 41 44 67 1 34 96 45 13 42 20 96 28 88 69 76 29 79 84 59 90
100 32 22 45 22 81 53 1 38 41 13 22 15 16 56 18 4 57 43 26 30 91 33 89 8 91 65 72 40 85 4 80 12 26 16 16 3 18 89 6 20 28 99 31 86 42 17 79 57 11 37 51 57 76 40 63 40 24 61 80 59 36 2 91 66 57 84 96 93 41 9 93 84 82 11 67 9 91 22 87 85 45 75 88 97 82 93 100 85 77 46 89 16 53 88 18 22 55 81 2 97
100 63 28 6 54 7 13 26 65 88 77 30 29 12 60 67 12 9 72 94 81 51 99 98 16 67 69 17 86 15 31 32 18 87 4 64 14 83 42 42 98 81 81 40 20 90 85 42 59 4 5 70 90 30 45 83 50 11 36 74 52 25 71 32 38 18 7 37 68 35 13 17 75 61 65 16 6 49 28 88 25 47 16 99 7 98 27 61 71 64 70 15 23 49 28 97 18 55 62 51 93
100 33 15 22 5 88 78 35 83 31 76 33 84 87 96 84 60 87 53 82 95 23 4 5 83 80 15 76 81 51 9 63 27 10 71 86 27 60 29 81 71 10 39 38 73 96 27 96 53 57 76 24 89 11 48 92 65 100 7 68 25 38 28 80 68 50 65 55 38 74 60 70 51 29 17 74 91 5 60 48 82 5 19 15 66 73 39 88 87 6 64 29 63 63 99 16 15 85 22 91 22
100 100 64 94 97 63 94 37 7 67 98 52 84 69 6 17 58 57 93 60 59 66 3 59 58 14 6 73 48 40 54 30 91 50 41 56 75 58 43 99 41 21 54 60 34 46 98 76 32 30 26 97 48 8 27 94 16 80 45 52 15 13 7 94 88 71 23 85 72 53 96 77 13 96 36 7 51 65 51 27 1 88 34 35 14 56 64 51 78 61 12 69 9 62 31 5 58 88 37 73 92
100 16 35 58 10 83 77 22 21 76 3 99 85 40 88 14 5 51 47 10 91 12 6 80 88 29 58 46 24 40 81 8 63 70 99 42 21 15 75 49 67 77 81 31 27 34 54 42 73 15 68 89 96 45 49 96 6 67 19 41 27 4 34 21 21 45 49 90 45 91 47 32 38 82 82 59 100 25 55 86 51 53 10 42 65 5 31 54 70 5 14 75 75 44 75 41 75 40 23 73 51
100 8 80 11 96 52 28 87 76 17 58 31 93 42 9 68 97 4 77 82 56 53 96 15 12 27 22 48 48 79 69 95 31 10 96 81 27 40 87 76 26 52 84 1 41 60 1 95 78 81 19 72 76 81 48 49 89 69 85 82 39 46 38 64 96 12 30 67 98 33 21 60 91 75 62 8 90 57 87 52 73 77 62 99 70 55 50 18 10 55 49 79 42 29 58 85 63 22 37 61 20
100 10 73 74 82 1 10 71 80 15 39 29 9 23 92 41 27 1 79 48 69 20 46 26 89 4 53 45 88 77 3 11 39 57 88 87 93 95 77 83 95 87 72 52 72 52 30 44 61 38 94 50 76 22 84 16 78 47 96 24 38 61 18 44 15 32 48 21 9 12 43 36 44 50 6 89 54 75 79 48 30 77 96 97 16 22 71 73 82 66 19 7 62 9 35 77 22 57 9 15 69
100 1 40 18 73 11 58 11 61 21 25 59 53 12 44 95 96 54 87 49 74 9 49 9 52 37 23 62 98 91 5 69 55 25 31 77 40 89 3 2 67 9 67 7 22 90 39 6 37 54 24 87 45 56 94 6 43 6 76 31 13 85 51 48 24 22 58 56 4 62 65 6 92 60 4 86 61 46 56 29 87 21 5 68 75 87 23 30 16 100 47 56 45 37 32 6 92 4 48 88 21
100 60 9 31 62 6 62 6 31 82 43 33 81 48 20 37 20 14 27 70 35 62 64 28 1 94 50 13 50 100 76 37 27 5 70 6 99 98 15 23 30 21 33 88 92 26 7 11 84 61 78 37 31 85 22 40 65 28 73 25 71 58 68 63 6 72 61 54 35 40 56 15 92 83 57 61 12 80 80 21 95 45 89 27 81 92 23 84 46 19 60 81 6 77 34 58 99 13 17 8 31
100 29 10 92 36 44 32 40 12 13 17 93 6 16 43 13 29 48 30 20 34 79 15 57 88 25 87 49 64 51 95 30 87 81 79 75 90 84 44 14 17 46 43 37 64 39 89 77 38 52 62 43 15 3 11 1 45 95 15 69 11 20 37 62 27 7 56 68 50 43 52 26 79 98 66 38 65 79 58 69 17 53 29 31 51 21 79 9 41 35 74 2 27 99 34 51 70 16 72 27 41
100 73 94 20 21 86 10 75 33 50 35 5 2 99 85 30 12 52 87 2 83 92 36 91 68 24 31 34 77 27 73 31 65 14 62 8 96 97 3 75 72 45 67 47 4 64 63 36 14 80 76 23 71 59 57 18 42 3 11 6 40 16 74 62 60 46 32 63 100 32 21 73 62 41 10 25 52 23 16 51 27 21 69 5 51 35 57 1 38 56 11 7 70 5 19 70 37 69 9 44 52
100 79 72 94 8 32 77 35 61 14 54 85 84 64 71 94 61 45 60 17 46 59 49 85 68 91 75 95 32 23 73 99 81 1 79 30 40 36 15 71 12 85 98 56 98 7 69 48 86 84 1 26 56 16 60 65 73 25 91 51 37 72 39 53 30 18 92 77 24 35 84 47 69 21 31 94 91 59 68 94 93 53 54 43 63 71 85 22 35 24 16 32 92 16 43 49 28 75 53 26 11
100 87 73 10 28 90 79 27 33 52 3 65 51 59 97 93 91 16 3 80 67 91 56 3 10 63 10 11 51 28 68 14 1 62 10 64 24 87 65 69 35 50 2 24 12 51 79 77 92 39 83 35 100 52 28 12 65 33 7 35 19 64 71 33 6 58 1 58 78 81 96 14 2 73 10 43 63 28 64 56 82 44 80 56 92 11 64 15 59 15 42 54 99 36 95 31 19 1 41 35 33
100 83 54 63 100 86 90 10 21 91 17 9 82 35 90 86 80 33 48 3 91 19 80 43 8 15 52 91 62 9 79 31 38 90 81 40 26 79 42 78 34 84 80 15 31 72 54 49 7 21 4 82 29 78 16 86 93 86 38 55 89 89 1 46 65 21 91 37 89 73 7 73 21 70 82 81 48 75 67 94 42 40 88 30 73 81 15 44 16 100 25 1 27 8 46 65 82 65 14 17 48
100 73 65 6 67 81 46 72 99 57 54 92 21 82 51 92 12 18 44 68 98 54 65 82 64 4 59 47 16 25 27 77 11 77 54 18 20 78 74 80 16 56 74 75 8 66 75 83 28 10 43 78 82 95 85 21 84 48 51 60 99 38 66 77 98 6 61 31 35 21 81 32 45 13 7 27 62 93 83 41 7 42 33 42 6 56 99 20 84 8 79 97 25 67 11 85 45 77 67 64 9
100 45 2 1 11 13 18 25 15 82 50 20 28 28 41 97 27 100 89 97 58 72 30 21 28 85 70 17 41 48 58 25 86 66 59 16 39 42 6 64 45 57 61 93 7 94 40 94 80 48 33 21 48 64 53 8 81 71 75 72 96 5 58 55 37 10 46 82 88 73 24 40 54 20 68 7 48 34 45 73 22 36 33 68 9 20 66 62 55 14 89 47 8 18 21 97 63 54 68 98 66
100 39 23 34 15 20 28 28 23 22 65 14 61 71 46 58 65 99 24 20 55 66 54 30 84 13 38 79 19 85 61 23 41 46 99 77 59 12 91 94 5 72 83 22 28 45 68 78 92 75 100 93 65 46 64 9 24 77 98 57 75 40 93 52 29 80 45 25 31 61 49 66 48 38 67 28 81 47 3 77 78 3 48 81 76 14 93 35 76 93 99 92 33 54 76 98 46 51 36 30 99
100 90 4 80 22 15 26 37 97 61 67 63 52 99 20 45 65 35 63 57 25 31 73 63 89 77 38 49 21 21 57 9 46 56 47 96 18 18 43 83 3 26 96 52 96 68 91 80 100 5 39 55 9 30 10 74 100 73 7 20 20 28 47 93 17 50 26 57 36 93 46 80 85 34 6 75 96 40 33 14 68 23 33 53 90 9 1 58 86 79 75 77 1 46 22 2 12 50 12 28 36
100 83 68 43 3 99 5 5 47 4 62 51 58 42 37 83 35 74 59 66 63 74 89 6 19 42 91 45 38 40 11 13 7 64 33 93 71 78 56 10 61 88 96 80 30 37 99 12 48 88 94 90 74 99 7 80 46 51 74 73 24 29 61 92 15 19 43 21 87 5 33 50 78 4 84 48 87 65 79 49 21 39 38 98 36 6 63 18 23 19 89 34 26 33 35 41 26 62 33 67 99
100 64 90 45 27 80 52 79 22 53 81 30 82 83 14 83 12 98 91 90 48 13 22 68 63 83 81 63 79 96 68 87 1 98 80 26 42 1 63 18 75 66 80 3 76 36 58 24 11 55 29 14 19 28 69 56 24 43 67 15 10 37 86 82 75 100 7 34 85 9 90 75 81 43 62 99 61 65 87 25 57 46 66 95 43 42 21 53 16 2 53 89 23 53 10 70 61 58 55 17 11
100 85 20 88 1 33 13 88 15 52 56 51 34 15 18 61 56 90 62 91 41 32 27 37 43 88 97 38 29 47 100 43 92 58 53 25 6 47 87 68 13 16 29 60 9 29 57 44 30 44 61 54 41 56 73 46 44 90 46 7 9 27 82 16 48 94 94 76 58 46 98 48 27 21 87 6 26 33 11 55 53 32 21 19 100 95 43 77 88 71 98 83 93 23 65 55 15 50 79 75 54
100 50 3 75 85 23 81 13 83 18 24 91 77 82 46 33 51 20 56 34 86 35 68 1 98 18 73 65 42 67 50 2 69 38 14 83 96 51 100 99 2 49 31 64 27 22 89 89 70 40 74 97 98 18 28 65 80 45 45 26 55 87 26 87 33 26 91 86 6 11 59 98 80 1 46 30 26 60 22 5 65 78 79 2 28 12 47 56 79 16 71 93 8 44 48 72 91 19 70 21 5
100 36 67 54 52 71 55 21 34 56 43 91 27 47 97 68 8 53 44 77 46 6 53 32 12 32 38 28 87 45 67 7 48 58 63 17 83 26 96 52 3 26 71 26 73 22 58 32 7 26 56 68 22 48 45 89 87 1 83 7 100 19 29 10 79 17 75 45 37 87 19 92 5 6 43 15 10 36 55 18 31 45 10 1 38 45 9 37 42 77 64 62 19 42 98 36 22 57 56 53 61
100 61 41 17 56 24 69 53 99 88 16 78 46 7 63 65 64 25 58 8 31 74 80 16 11 25 68 62 65 51 33 61 8 29 98 50 29 92 44 40 68 83 21 19 11 56 85 63 30 46 24 61 48 99 20 61 37 40 77 12 77 53 42 30 22 63 54 29 54 14 9 40 45 73 86 34 90 77 83 39 4 89 87 18 27 19 55 93 5 57 23 62 53 52 32 75 6 86 1 12 65
100 51 71 21 29 73 15 23 91 56 46 2 47 84 7 89 2 44 49 77 18 9 15 87 52 33 79 44 5 6 31 36 33 57 71 28 33 43 11 42 7 62 40 54 91 23 8 35 52 21 35 56 70 83 13 45 68 42 90 61 23 4 20 81 82 77 12 61 24 92 40 15 56 52 37 61 83 50 93 3 22 70 12 30 22 97 37 98 16 80 25 39 11 84 27 86 17 59 34 30 71
100 88 12 81 8 36 56 51 85 67 52 95 74 55 97 36 93 3 75 74 33 16 80 49 74 85 98 69 12 80 62 49 42 98 89 65 74 80 29 79 94 73 67 13 61 3 61 49 21 26 3 67 85 52 68 63 60 8 3 84 9 82 67 25 20 91 13 15 18 10 69 40 61 66 68 58 84 36 12 29 83 13 9 55 78 10 45 22 24 96 56 68 6 86 90 86 14 98 97 27 96
100 56 39 45 84 18 53 78 14 97 15 40 2 97 29 47 86 100 25 33 55 81 87 89 25 57 10 77 84 12 93 41 60 48 51 23 12 98 39 64 71 70 9 15 43 2 30 23 75 40 63 40 93 97 81 82 73 81 67 32 53 84 69 4 39 96 14 72 92 82 83 42 83 75 3 1 18 7 22 99 8 73 16 47 57 33 38 92 3 76 94 9 54 91 77 17 27 83 27 11 65
100 61 79 62 78 96 92 34 10 76 43 90 78 10 22 67 8 84 34 39 1 36 47 56 11 36 61 64 66 84 75 84 83 67 99 49 1 9 16 11 60 26 42 10 83 17 49 31 29 12 45 91 24 79 48 92 75 44 65 44 75 5 85 24 17 21 29 23 6 78 76 79 48 13 79 61 29 17 24 63 81 29 59 36 69 16 23 69 83 94 85 47 22 29 82 58 16 55 56 47 79
100 39 24 26 93 52 15 43 18 97 31 80 36 36 59 85 43 70 96 91 59 99 8 3 7 59 29 34 24 12 16 66 35 36 94 44 76 36 84 42 24 75 30 41 86 8 67 27 6 39 90 82 66 26 64 1 7 1 46 81 20 57 40 72 54 22 100 38 41 52 94 92 46 78 58 30 14 74 58 26 30 81 85 35 29 64 95 77 16 98 26 85 9 77 86 93 16 91 94 51 35
100 49 75 50 96 62 35 83 9 14 75 58 16 10 70 81 8 25 54 98 84 58 20 68 31 1 44 85 10 32 27 99 3 34 70 40 83 67 64 17 38 67 71 2 30 9 56 85 14 40 65 54 38 17 73 18 77 32 31 27 62 73 15 19 72 92 67 86 5 4 89 23 6 97 55 12 14 54 95 53 4 5 44 71 70 19 88 61 80 67 80 24 50 31 79 57 72 38 5 96 56
100 71 35 29 77 29 9 46 82 8 52 27 6 62 67 70 4 71 73 63 100 85 49 24 53 56 30 55 57 93 6 17 90 7 5 84 79 27 6 24 28 69 70 82 79 72 30 34 73 7 81 3 24 3 7 27 47 97 56 49 63 12 8 38 89 20 75 43 31 6 14 100 47 96 10 23 92 85 97 5 79 38 27 86 53 72 97 56 72 87 34 17 75 8 4 75 96 66 46 38 98
100 39 29 57 68 37 23 9 96 97 52 5 64 56 92 63 7 73 77 97 85 68 4 61 9 85 50 7 52 89 9 93 7 37 62 6 57 32 46 16 25 59 34 35 3 70 27 6 33 62 26 28 76 81 60 69 73 34 10 24 43 61 9 73 59 25 11 84 36 13 86 44 21 60 93 51 32 14 12 43 48 62 96 6 83 91 56 59 26 67 20 40 63 47 61 89 94 94 98 86 15
100 92 19 66 88 27 47 52 79 13 36 74 11 5 10 82 4 88 92 17 33 33 16 24 74 5 46 73 91 9 89 46 32 45 86 1 47 97 34 24 76 83 26 76 96 29 82 38 21 2 91 62 65 100 58 84 30 64 31 61 95 73 6 10 22 68 46 85 94 37 12 5 48 96 51 64 77 11 50 12 26 16 17 46 80 27 58 71 62 52 60 58 18 11 11 7 38 93 39 46 53
100 68 94 48 53 8 70 11 86 57 3 5 85 37 95 46 15 78 79 94 18 29 14 99 47 54 62 57 50 24 38 29 11 10 92 32 17 28 3 16 72 91 81 73 23 59 56 25 49 35 87 46 71 84 56 92 7 99 12 80 91 81 71 1 81 38 38 19 75 26 55 75 71 80 76 83 57 40 93 51 36 23 48 92 11 83 34 18 70 66 45 47 94 17 89 74 46 20 24 27 43
100 3 53 60 3 89 56 77 22 62 33 24 1 92 51 27 88 83 17 100 55 74 5 20 58 34 88 9 79 57 6 73 93 35 46 43 3 41 61 41 1 64 84 9 63 42 21 29 17 5 49 34 47 71 56 89 71 33 36 81 52 1 35 9 34 79 57 37 100 61 75 80 33 62 43 89 19 21 52 4 74 47 29 49 46 94 85 10 13 6 62 74 64 27 49 54 68 69 10 73 77
100 56 86 53 75 31 9 20 41 59 89 10 91 30 9 51 23 11 2 29 48 74 34 40 72 43 46 46 17 7 98 96 11 35 93 2 20 77 43 91 57 71 24 71 56 87 21 34 31 97 50 92 5 91 94 48 20 98 68 11 76 95 29 48 62 45 78 57 29 23 52 57 38 59 49 93 26 60 26 2 2 13 92 24 10 22 73 21 80 72 9 14 17 75 69 83 85 47 19 83 24
100 85 40 18 4 67 95 30 51 63 80 97 55 46 61 77 1 32 12 39 99 64 38 91 56 5 60 40 2 81 57 88 3 15 24 70 57 44 76 43 49 46 21 69 55 9 54 79 21 67 89 75 1 31 51 93 89 79 82 72 78 98 9 83 33 73 11 2 11 17 31 88 99 19 4 81 58 57 9 85 78 49 4 84 92 44 24 13 97 47 82 26 20 26 41 14 6 83 58 65 26
100 51 19 45 81 85 66 6 15 63 43 69 68 72 60 30 70 72 69 92 26 31 24 26 78 50 86 19 47 49 20 91 24 42 53 89 95 79 1 14 27 98 44 1 4 26 5 77 99 78 66 87 98 38 33 68 12 66 64 87 26 71 57 81 91 33 94 86 62 23 41 15 97 79 88 73 80 29 76 62 33 75 7 29 72 3 48 97 28 13 2 25 73 17 6 42 44 13 40 46 56
100 68 65 9 27 81 54 79 82 19 100 16 38 10 79 100 88 12 65 20 8 28 10 71 34 75 18 42 22 97 100 94 35 25 21 14 66 45 28 69 21 70 81 99 82 8 32 82 94 24 97 29 73 18 47 79 55 5 74 73 82 89 98 93 34 76 89 8 73 22 41 21 77 12 32 8 79 93 64 29 15 79 80 76 42 23 100 50 35 79 49 68 27 19 50 44 1 60 50 30 46
100 5 36 32 70 80 4 94 27 16 73 33 29 28 64 10 16 77 15 28 63 30 12 34 91 100 88 92 36 5 84 5 90 82 55 17 24 1 34 33 70 49 81 92 26 73 44 46 3 61 10 37 29 60 73 91 52 51 55 31 23 35 98 31 96 96 72 11 84 33 77 33 2 65 29 8 29 41 61 65 86 82 10 44 23 38 15 80 50 49 37 5 39 13 8 30 58 83 56 89 36
100 75 61 39 24 60 37 30 98 56 53 89 18 53 24 62 95 60 23 51 99 13 77 88 54 61 19 14 53 40 83 52 70 87 91 42 75 57 89 90 81 58 87 84 67 29 26 75 99 47 8 10 72 65 70 90 18 30 54 81 96 83 73 100 33 77 47 74 97 33 81 48 31 79 24 1 28 44 29 99 78 13 11 29 12 73 93 84 70 72 25 1 33 51 38 53 61 44 95 67 67
100 91 1 27 82 39 23 29 42 66 25 73 100 67 10 86 57 86 11 30 86 83 13 93 37 73 86 94 18 58 57 94 45 31 13 8 12 62 77 86 48 56 1 87 46 86 8 19 72 67 22 27 70 95 78 49 47 100 97 100 61 18 77 10 94 55 24 79 72 72 33 94 4 21 99 75 14 12 30 28 77 93 35 13 59 80 38 42 24 53 63 67 4 64 82 92 99 16 64 8 30
100 93 11 69 19 50 66 18 50 87 35 43 3 56 14 86 39 59 79 27 80 59 27 15 57 68 76 82 55 17 83 51 98 89 32 93 60 31 17 47 65 1 48 54 11 15 87 43 60 66 25 84 78 31 63 71 39 18 56 66 88 91 27 87 64 8 8 80 97 79 10 52 63 28 12 40 36 58 49 12 73 86 39 2 27 80 37 53 30 90 53 7 3 37 26 13 16 59 53 37 31
100 99 75 51 64 34 95 73 95 71 26 28 62 27 49 47 63 63 58 35 70 20 68 74 27 77 5 33 71 44 33 49 70 70 17 65 4 9 82 62 56 99 53 85 55 73 96 85 49 67 74 26 92 36 68 18 10 35 64 3 28 28 52 90 29 40 48 54 39 32 56 82 91 76 53 33 64 77 87 80 62 77 2 73 46 19 25 87 29 80 27 70 51 71 64 66 29 71 68 41 10
100 6 33 81 31 6 76 65 18 69 59 46 38 37 40 82 22 71 76 61 7 79 10 28 64 82 96 89 21 24 73 23 60 81 74 83 53 44 88 84 71 30 66 29 44 86 29 43 99 85 72 53 69 85 61 39 67 31 17 5 58 54 83 9 41 32 47 65 24 39 78 64 97 12 47 88 89 48 48 1 89 61 42 85 79 26 27 43 84 63 37 8 96 90 90 72 45 94 27 22 25
100 70 18 47 27 68 56 60 49 36 99 24 80 47 41 40 9 17 14 98 72 47 96 1 83 27 50 35 60 45 94 14 24 6 28 22 5 48 13 76 3 58 25 95 4 28 93 23 30 87 4 22 2 65 85 16 42 11 82 13 10 88 8 10 88 7 100 57 36 38 54 4 28 5 69 40 57 98 87 68 46 35 15 89 66 75 52 46 82 66 4 5 72 39 54 1 58 71 78 47 18
100 84 8 96 76 70 89 89 8 86 18 38 99 37 37 17 100 23 46 62 46 85 42 28 5 14 32 51 26 21 46 21 61 36 99 17 66 12 19 91 36 53 63 25 59 83 39 70 88 3 2 4 59 3 18 42 84 73 97 88 56 51 27 24 75 36 22 13 67 52 24 81 21 85 5 94 99 66 5 50 74 17 32 1 93 85 2 10 35 60 33 33 47 61 31 81 18 90 85 87 83
100 1 92 73 19 84 88 79 86 64 71 35 3 67 61 24 35 91 11 94 66 91 21 97 91 84 68 75 93 60 80 40 85 28 99 57 34 80 93 27 69 57 97 90 85 7 69 13 86 64 61 60 63 58 48 28 74 68 16 29 65 12 84 74 94 68 49 42 14 3 91 19 40 97 47 95 22 79 46 80 46 52 16 45 27 73 6 91 14 12 89 98 32 17 13 28 17 10 98 36 100
100 27 47 81 26 6 9 46 21 58 70 46 82 80 96 32 23 16 92 21 51 69 28 47 52 14 58 50 24 21 30 70 67 66 60 40 60 83 2 54 58 71 73 57 51 24 16 75 14 31 33 26 23 26 81 52 87 85 63 21 85 18 61 86 94 47 90 16 94 90 88 40 81 40 38 72 81 31 62 28 32 90 18 14 96 75 8 8 43 25 40 3 48 96 86 74 36 85 2 97 67
100 83 25 24 27 92 89 76 64 90 29 88 5 37 10 10 18 14 73 61 35 94 43 54 66 88 11 11 70 38 47 64 88 99 15 34 6 39 7 91 75 100 32 55 85 96 13 49 39 100 64 33 95 88 25 2 35 18 70 45 5 57 22 44 69 58 92 33 68 81 43 96 30 38 68 56 84 35 64 71 53 35 61 33 52 66 16 90 15 17 5 47 61 69 50 6 61 87 65 87 32
100 74 10 71 79 23 18 93 99 67 35 77 52 75 47 60 52 98 79 82 9 5 90 54 91 4 8 92 53 62 94 98 34 33 99 5 87 28 12 68 13 14 48 97 5 56 16 92 21 83 71 46 97 39 38 6 54 65 59 8 16 20 19 51 58 36 6 29 53 52 83 94 69 69 81 9 52 36 82 95 45 29 99 34 13 11 17 15 70 72 87 13 68 77 36 65 29 58 24 75 67
100 68 83 95 29 69 50 33 61 26 3 62 90 88 35 99 63 56 23 5 63 69 41 32 75 16 1 98 73 83 72 31 50 48 96 6 97 96 50 15 15 32 61 89 15 96 12 12 56 39 24 7 5 95 80 52 81 66 54 20 68 19 75 2 82 55 46 17 39 11 29 37 59 50 93 80 53 81 26 98 35 83 60 42 85 64 20 33 71 58 10 92 41 50 4 15 18 21 64 10 16
100 15 96 35 57 25 47 14 90 55 39 95 45 21 18 10 25 23 86 87 1 33 79 38 4 53 27 42 47 83 4 21 97 22 98 7 92 49 63 60 68 2 29 77 10 100 4 47 95 4 78 95 39 50 35 57 5 74 29 12 21 1 60 56 49 30 51 63 61 77 5 78 77 39 80 27 53 53 48 61 98 11 18 68 48 66 31 67 52 98 69 88 91 2 78 98 68 5 92 58 39
100 89 97 16 31 100 79 6 31 83 4 23 18 56 28 66 33 80 16 2 53 69 84 86 66 46 32 86 62 49 9 44 87 70 27 21 21 30 58 53 40 47 22 2 39 72 48 5 97 1 16 67 37 87 61 14 13 10 83 1 35 33 69 34 37 28 94 67 11 37 26 80 52 69 87 78 65 17 49 10 41 80 68 74 43 32 8 89 49 46 60 94 84 76 28 67 37 26 28 48 14
100 85 66 71 30 95 23 23 77 84 75 80 85 6 80 58 11 97 54 38 10 77 21 87 87 80 46 47 78 21 99 77 48 31 15 87 98 24 38 52 26 73 67 19 29 23 40 60 89 100 90 73 16 100 83 18 50 56 32 30 21 52 4 1 87 69 48 7 14 42 68 38 23 28 52 60 80 14 87 36 9 66 81 91 62 18 37 100 100 75 90 21 17 36 40 30 70 92 1 71 92
100 21 53 57 18 93 31 86 31 51 3 58 23 24 38 67 65 44 85 85 41 39 94 83 59 20 53 78 89 5 15 91 60 78 97 85 62 21 23 89 1 75 63 54 92 76 93 97 28 41 94 25 1 83 71 60 47 33 32 10 56 86 97 32 44 41 27 38 20 14 64 45 67 58 74 15 99 96 51 13 48 62 95 11 93 3 10 5 20 54 9 70 3 89 51 53 25 37 89 43 54
100 61 67 19 21 79 22 98 40 82 28 24 17 39 42 97 67 14 29 57 67 16 83 41 31 100 2 18 62 75 13 85 34 7 11 74 10 35 45 15 23 52 66 81 99 74 1 89 25 34 8 60 40 35 32 57 58 13 10 24 1 10 49 52 39 58 21 26 59 29 56 98 56 28 15 36 53 78 22 39 30 82 49 94 46 78 87 88 58 14 42 86 3 95 15 72 96 92 72 4 24
100 26 23 38 43 32 3 65 91 93 23 57 22 82 95 68 54 97 23 71 62 57 34 52 52 21 44 52 72 43 4 31 60 25 82 93 49 6 33 73 19 95 69 1 85 6 11 73 68 69 94 77 10 64 10 22 67 37 20 45 80 24 10 43 8 7 93 85 100 48 33 27 15 17 52 57 23 22 43 33 72 22 86 16 38 81 87 41 25 66 99 83 57 64 97 68 64 27 96 51 98
100 33 80 24 52 79 76 50 25 66 83 93 97 39 21 26 82 35 37 92 70 97 77 30 56 42 78 23 15 6 19 98 46 24 5 74 45 20 97 83 97 22 62 28 91 56 69 8 87 97 47 35 25 65 26 98 95 45 52 47 98 11 61 8 16 47 48 27 3 81 87 55 33 50 96 54 24 14 67 38 32 77 13 75 11 79 97 46 84 11 96 40 69 71 40 75 16 89 86 18 46
100 25 49 13 100 31 58 55 2 25 99 71 1 86 8 27 47 70 88 83 50 38 52 43 87 1 22 24 47 57 95 36 73 69 77 46 26 35 15 64 53 20 85 45 30 100 19 27 26 83 62 45 1 64 91 71 49 98 53 7 19 29 14 36 69 56 9 86 71 79 83 60 22 88 57 94 43 91 54 23 68 50 98 100 74 8 38 80 67 58 79 47 90 4 67 70 86 78 63 16 32
100 95 39 11 57 32 74 87 16 54 30 68 29 66 93 99 79 22 60 50 36 40 17 9 39 30 6 46 23 1 73 50 71 39 14 54 30 13 22 12 89 11 30 33 64 19 76 84 90 65 46 50 61 32 19 34 82 51 100 21 45 27 28 26 62 68 45 47 4 18 79 36 83 45 79 98 86 51 89 13 98 35 90 7 34 100 25 55 99 39 97 58 12 76 24 21 44 48 91 16 8
100 16 31 80 89 24 48 96 22 47 97 7 99 23 3 69 26 29 71 91 91 14 83 33 43 45 45 59 53 84 17 37 82 79 56 40 3 100 77 65 77 25 24 77 69 9 86 68 78 13 81 13 44 24 21 54 15 25 11 11 41 41 54 92 25 54 55 36 25 49 27 47 35 61 42 97 88 61 2 25 1 32 63 28 80 13 24 66 92 17 74 50 68 13 10 71 98 49 49 72 23
100 43 50 14 15 70 98 17 88 3 16 63 81 25 92 57 70 81 14 76 53 49 9 48 11 54 62 54 96 97 68 99 46 94 76 88 34 33 70 82 58 47 66 51 84 1 46 20 22 100 79 20 99 84 18 89 20 10 1 27 85 70 73 2 44 98 39 15 8 85 20 80 81 29 19 7 26 95 23 44 84 58 81 39 1 82 16 89 33 35 59 88 74 43 55 97 11 52 59 59 61
100 63 82 38 61 29 45 1 96 16 24 78 32 75 7 60 76 12 38 11 89 91 89 72 74 68 24 28 74 94 11 2 72 30 34 81 38 39 76 40 78 91 62 87 62 83 26 23 72 58 89 61 88 64 71 31 59 6 63 3 93 9 3 30 81 79 78 49 48 43 4 9 40 97 67 52 23 35 24 68 53 23 42 13 71 12 67 90 18 1 40 61 76 25 88 14 58 90 72 90 27
100 85 86 67 9 30 52 48 38 69 33 76 62 40 31 51 80 41 84 76 50 24 26 83 95 30 41 18 25 2 41 80 36 17 54 26 38 29 5 70 47 18 76 2 36 76 17 33 33 54 43 57 49 8 70 37 67 93 23 15 86 43 53 94 53 91 70 34 78 90 82 61 22 14 25 78 94 32 88 29 8 34 22 37 84 56 37 6 34 36 89 88 19 22 32 70 80 47 61 4 58
100 54 58 2 35 78 16 61 66 39 100 48 67 87 80 57 74 33 29 72 22 40 59 65 22 34 70 58 8 82 20 42 82 73 95 33 22 32 78 25 57 22 4 46 37 88 62 24 9 74 11 65 78 62 18 50 15 33 26 78 9 54 45 19 97 74 80 41 60 62 63 25 54 84 82 63 86 29 63 18 50 48 83 10 2 16 33 4 52 36 10 64 87 84 68 44 20 9 48 88 52
100 82 98 2 63 18 69 94 31 5 68 44 96 30 21 67 55 64 4 90 99 37 49 46 35 57 27 75 11 11 44 44 2 42 91 94 45 87 100 85 98 30 100 9 68 57 69 99 43 92 12 100 100 88 58 89 76 79 21 91 62 72 45 62 2 20 7 52 63 32 25 26 93 23 91 93 54 72 91 80 16 42 29 79 20 12 34 69 53 15 39 96 28 39 61 74 40 78 73 52 98
100 52 70 1 71 68 62 48 93 92 26 48 100 88 62 70 91 78 6 90 40 26 11 91 29 73 33 3 36 50 97 78 82 16 96 96 48 17 29 31 98 1 56 88 21 36 51 89 5 77 88 96 76 34 5 62 3 25 97 70 35 30 44 35 18 28 55 13 40 46 14 77 77 34 27 51 58 24 60 93 21 18 21 86 89 93 39 96 4 92 1 99 39 4 54 34 52 87 19 45 79
100 11 43 2 93 35 81 71 28 74 30 76 48 84 13 9 20 17 28 26 68 73 17 26 50 34 57 67 9 66 28 96 46 12 80 47 71 46 88 58 13 69 57 44 54 44 36 69 31 52 53 78 33 53 49 55 35 23 67 47 88 44 58 22 99 49 55 39 99 64 93 89 98 24 84 73 46 29 1 53 52 12 32 15 57 51 28 21 10 94 96 97 79 49 97 63 64 42 47 14 16
100 59 20 76 44 17 39 61 73 20 38 79 70 91 33 85 48 36 68 41 7 53 83 85 26 94 48 98 16 35 85 48 47 83 25 79 66 83 71 90 70 1 42 5 57 76 95 92 8 60 91 27 99 43 84 72 23 95 9 88 71 28 59 46 32 39 20 61 28 14 27 87 94 58 84 72 41 78 22 53 7 10 31 47 48 8 56 8 40 19 82 97 21 78 13 43 98 64 81 15 58
100 9 31 84 73 62 78 3 58 47 51 63 93 74 42 25 36 92 26 91 5 47 1 48 95 35 42 55 26 97 96 97 40 2 68 2 95 47 70 76 65 2 97 35 36 29 97 56 2 86 51 9 52 18 48 3 35 52 54 11 100 75 92 31 3 68 53 44 95 46 41 13 61 42 92 67 90 47 32 69 58 24 2 4 63 93 72 32 11 17 18 17 15 65 31 16 82 23 3 10 54
100 54 15 39 77 9 81 29 47 3 31 76 80 13 91 38 58 39 69 60 14 23 93 59 20 16 63 57 24 99 17 77 79 91 36 70 95 10 72 20 20 25 22 41 9 77 27 46 59 49 3 98 68 100 67 85 3 51 38 98 67 48 83 88 3 74 60 50 50 17 31 93 53 47 85 31 91 76 25 17 36 15 30 100 77 85 77 21 23 27 14 23 10 42 6 67 62 67 55 22 35
100 78 4 19 14 74 95 35 60 46 22 54 65 100 70 8 97 67 63 37 81 40 40 20 66 45 14 42 43 61 73 67 88 33 19 94 62 33 78 21 79 99 49 1 39 56 91 19 37 56 35 17 40 89 80 8 45 21 73 38 16 1 26 5 71 2 55 58 62 21 81 41 68 7 90 26 98 96 80 57 84 74 4 51 81 2 6 24 25 78 49 38 22 94 77 68 38 37 8 92 13
100 81 19 99 27 51 58 97 70 12 79 34 53 39 87 81 12 52 42 72 52 44 66 94 12 5 8 95 47 86 19 71 13 50 89 2 64 85 24 19 18 31 2 41 82 5 22 98 1 39 60 44 80 72 55 82 76 85 77 48 5 25 3 23 51 11 8 87 15 34 77 67 59 45 35 31 82 46 44 62 31 74 51 88 44 24 72 47 86 87 13 29 12 46 77 16 42 26 58 62 53
0
