100 98 60 34 84 12 96 60 74 8 50 26 23 18 85 3 4 61 34 80 76 27 60 43 89 21 48 7 84 75 72 87 5 85 53 71 55 21 86 44 56 90 47 17 64 70 84 42 49 39 28 90 28 60 87 61 86 70 52 31 82 19 66 17 11 16 41 82 90 54 5 55 50 91 48 31 75 75 6 17 97 47 59 31 2 18 60 57 17 97 6 48 83 81 60 82 23 85 7 79 37
100 95 53 88 14 17 72 32 28 20 85 40 78 83 86 45 24 66 39 69 29 43 45 63 64 42 5 28 65 17 68 90 41 35 58 36 98 19 99 21 35 94 26 54 99 64 73 67 64 100 18 14 14 50 81 75 73 98 95 51 17 21 95 60 30 83 8 55 9 88 14 1 19 48 5 36 32 11 85 58 18 23 52 92 28 39 11 40 70 52 21 45 24 75 73 8 11 10 46 1 20
100 30 4 60 89 19 31 22 65 14 9 84 44 35 77 98 63 54 27 14 90 57 34 16 21 32 36 59 34 73 6 17 49 40 70 63 76 2 65 68 46 51 9 35 80 65 100 50 8 72 24 18 50 76 47 2 76 93 47 83 52 96 98 84 18 30 59 5 21 70 46 58 4 12 50 91 94 33 19 90 41 15 30 7 61 73 65 72 21 52 7 2 68 78 56 62 33 72 23 62 36
100 66 69 47 9 79 84 54 44 10 72 11 80 4 73 42 100 17 86 5 84 11 2 79 16 47 74 51 8 18 75 22 16 31 74 80 19 26 26 66 15 5 84 84 56 92 59 5 87 36 27 96 57 17 88 71 77 60 49 11 86 48 74 6 10 5 96 77 97 7 40 70 50 89 59 83 81 37 53 58 13 69 12 16 77 65 52 93 94 84 77 73 31 94 25 9 2 71 69 62 27
100 24 6 43 71 7 85 90 63 29 69 56 87 1 81 30 26 85 78 65 100 61 90 74 100 52 43 51 75 53 83 26 61 35 53 55 7 78 66 62 99 34 98 51 17 100 74 58 66 75 71 39 63 88 12 38 83 38 92 29 30 80 55 46 83 79 21 32 78 75 98 31 75 50 17 92 14 92 74 96 32 81 34 48 94 15 47 65 94 20 21 90 27 44 2 10 86 59 33 90 59
100 53 25 49 33 32 73 34 55 28 83 71 48 30 32 47 6 90 79 70 3 26 42 54 53 12 26 58 5 33 69 31 19 41 99 23 100 71 98 25 28 38 12 8 26 86 87 56 95 88 68 55 40 20 5 5 89 9 100 42 55 4 26 17 77 3 63 14 96 1 53 10 56 90 28 47 63 36 98 15 76 62 53 46 28 78 48 32 19 34 76 89 86 84 75 83 99 46 35 46 33
100 12 93 64 20 37 4 64 89 42 19 45 98 71 100 76 96 52 67 38 86 96 69 88 86 100 32 6 98 54 9 95 51 26 83 87 36 91 97 14 10 47 46 89 41 68 3 44 10 11 85 3 83 46 41 79 49 74 66 96 77 24 35 40 11 90 66 35 79 71 29 75 89 83 11 40 52 40 35 4 100 57 18 12 42 81 55 54 8 93 96 91 34 12 35 39 43 88 31 9 86
100 1 13 41 38 74 55 88 76 84 100 42 44 63 27 87 22 20 54 84 68 53 55 87 2 49 54 66 33 7 44 28 36 50 81 97 89 68 30 55 17 39 98 75 88 45 55 30 24 20 96 3 40 2 38 6 100 55 20 69 96 25 76 56 11 18 85 38 83 93 86 100 34 22 61 38 3 60 70 29 19 28 43 33 60 92 49 22 21 35 61 14 92 61 89 37 45 96 17 26 26
100 73 10 56 76 100 25 53 5 26 93 22 9 89 64 62 36 43 61 94 89 57 41 59 33 39 75 96 86 1 12 59 80 84 79 45 11 74 26 22 55 21 11 63 16 63 79 8 28 63 94 82 92 16 56 98 72 15 50 80 15 16 92 46 56 54 11 21 78 4 68 14 47 11 93 68 52 45 28 93 25 20 22 71 29 53 1 17 95 73 95 6 20 6 67 11 38 7 2 44 90
100 73 74 21 63 53 34 83 98 43 95 43 81 38 15 96 4 23 86 32 44 81 17 76 65 50 63 17 42 15 34 72 62 29 2 51 58 76 15 14 90 6 72 96 10 25 17 61 27 39 85 85 34 7 93 96 85 37 22 30 16 74 42 51 88 93 98 99 76 78 67 20 44 6 3 20 95 94 43 55 36 72 32 54 1 15 38 73 69 34 57 92 36 52 43 60 90 37 64 14 37
100 25 18 33 31 82 20 53 56 51 61 84 7 11 33 4 61 1 17 20 8 18 1 24 19 98 15 52 68 96 18 72 61 100 97 50 84 87 46 89 13 29 24 82 86 84 1 31 27 21 9 60 95 72 52 13 44 38 6 13 31 47 61 53 8 42 3 10 14 32 43 37 74 56 51 69 83 90 52 43 53 11 78 17 82 61 95 17 63 29 83 13 63 61 41 89 59 61 53 1 54
100 89 33 53 80 45 11 35 7 41 46 47 89 32 5 71 37 61 61 34 68 39 2 64 28 35 62 39 13 76 70 15 52 64 62 57 41 22 39 6 57 82 75 24 42 74 13 87 71 15 28 21 87 93 40 20 65 40 60 16 10 34 86 21 8 90 76 44 63 92 67 81 66 85 27 94 60 30 3 67 53 47 55 70 56 89 32 11 59 1 67 16 98 5 94 86 53 70 64 87 97
100 84 100 45 30 89 50 33 39 84 86 22 46 58 93 9 44 96 62 40 69 33 74 51 13 100 89 66 75 29 86 54 79 24 21 33 100 90 99 29 19 1 34 69 35 76 8 93 74 63 91 71 16 33 63 4 83 67 60 10 32 10 38 1 50 6 83 73 21 37 64 77 88 3 24 98 76 76 62 99 38 36 6 85 92 56 68 72 33 18 54 1 54 95 44 16 64 20 96 45 60
100 42 7 86 95 87 83 12 80 71 41 71 20 85 72 25 60 99 47 79 29 32 7 39 66 56 75 78 83 48 67 34 7 4 66 56 87 22 96 87 32 72 27 65 40 44 44 59 94 38 58 81 45 75 44 52 3 38 73 24 41 8 42 82 32 44 55 19 56 58 66 56 28 12 57 32 74 35 2 32 59 44 82 98 20 66 40 93 78 13 69 98 4 58 25 28 55 41 7 58 50
100 41 25 69 3 78 91 38 3 53 31 35 14 73 95 33 10 93 100 81 91 32 78 84 67 68 84 85 1 100 58 35 13 97 2 13 98 31 5 77 49 17 19 60 21 90 50 55 16 32 7 52 73 83 86 77 23 76 5 11 2 8 52 52 57 96 88 69 77 34 47 46 46 69 64 31 20 91 40 44 40 31 33 75 81 55 99 54 18 85 93 65 62 18 49 57 47 44 72 83 15
100 80 80 64 1 48 93 69 69 23 92 32 60 66 75 33 35 60 2 55 57 86 26 71 8 81 29 52 46 79 57 2 29 20 22 93 6 29 35 17 78 26 33 58 47 34 44 90 50 41 23 36 65 13 99 46 53 54 59 35 81 3 3 2 71 87 24 55 5 50 64 71 84 74 27 76 97 65 85 54 99 75 98 29 57 97 77 44 44 57 73 43 74 90 63 71 76 32 49 11 87
100 86 47 11 62 24 49 68 98 12 53 10 90 25 59 69 29 66 83 28 31 93 82 84 33 11 21 66 13 100 46 72 98 65 1 38 13 10 73 74 66 27 13 97 66 8 14 77 81 31 93 79 99 86 61 18 8 13 31 50 50 59 24 80 32 86 61 11 53 80 97 64 73 98 91 71 12 15 34 13 37 2 76 63 99 25 47 25 16 74 39 44 50 36 97 69 32 23 12 34 81
100 49 34 68 88 77 30 37 100 67 69 81 86 74 79 15 25 14 9 24 38 61 9 2 14 99 10 48 14 39 77 68 34 70 40 80 54 21 51 93 21 71 38 60 7 31 67 39 42 92 57 36 61 14 100 66 94 77 23 13 30 78 20 52 80 87 56 42 34 28 53 81 24 68 48 48 87 37 55 75 65 67 96 81 53 76 16 31 73 18 72 76 72 16 54 38 2 63 32 10 54
100 27 57 37 40 1 80 95 68 96 36 28 79 45 22 30 42 69 38 38 4 53 49 28 77 53 58 62 57 22 28 58 42 71 33 71 43 35 47 30 73 76 60 21 84 35 86 49 80 40 69 42 7 31 93 27 76 49 21 89 44 29 46 44 80 26 40 45 14 69 91 80 71 81 74 3 40 59 82 28 32 21 85 39 57 19 70 3 45 4 66 86 25 67 69 37 53 74 71 59 52
100 20 73 67 32 39 75 28 22 81 77 20 28 56 95 45 99 82 46 92 91 94 69 73 21 81 1 45 98 97 33 39 11 52 29 41 46 82 2 54 22 24 74 5 94 29 79 5 100 7 59 12 1 35 7 63 71 95 57 52 10 41 31 67 44 64 71 15 51 10 96 52 46 37 39 66 69 84 23 58 17 63 31 17 16 16 43 55 25 100 63 9 1 4 72 78 95 33 6 28 73
100 40 19 31 4 80 18 97 17 17 70 8 66 25 31 48 21 91 98 45 96 73 33 89 63 92 84 100 51 50 8 90 67 74 78 34 21 7 45 56 82 40 41 79 51 14 75 29 25 21 51 65 28 57 84 32 16 75 60 30 1 83 44 75 77 73 30 89 24 33 54 68 28 89 14 72 39 42 76 68 75 46 90 52 8 36 12 70 93 39 3 35 56 33 13 100 88 89 50 96 98
100 76 90 68 24 69 48 66 63 4 35 1 83 67 84 49 69 8 97 35 92 95 53 11 41 80 45 41 62 55 35 52 19 64 13 90 8 46 16 21 42 56 39 95 45 70 88 28 70 50 3 90 3 90 71 42 72 19 38 74 13 29 68 16 10 38 35 92 6 13 41 82 9 79 31 3 53 28 51 98 32 48 70 4 77 14 97 25 8 63 85 82 40 4 21 80 32 74 88 91 29
100 18 32 64 88 53 95 49 99 42 44 26 79 10 62 1 6 62 10 11 82 31 26 18 35 25 7 4 77 79 7 19 21 53 92 99 22 53 26 92 40 18 24 20 3 80 23 93 42 6 78 88 90 72 73 30 38 50 81 69 16 17 10 3 87 15 93 76 33 7 50 66 43 97 97 92 35 12 20 87 37 1 1 45 92 98 46 10 45 88 96 98 82 37 68 4 57 14 8 73 94
100 80 77 89 87 36 98 99 24 81 7 40 68 9 44 25 55 32 53 38 44 40 39 35 78 67 52 39 21 27 36 100 8 12 73 2 54 13 64 20 93 49 14 24 78 17 3 8 35 50 86 1 44 80 82 61 2 58 39 50 49 75 90 17 37 82 44 36 76 14 6 95 27 16 58 95 59 9 33 86 50 73 81 76 60 78 74 39 52 23 34 17 67 52 93 18 97 47 43 93 63
100 73 89 65 66 47 100 21 95 37 94 4 6 84 13 15 24 45 86 61 52 29 47 78 10 44 58 5 98 82 10 11 100 92 15 64 61 70 42 61 50 49 59 65 52 80 76 6 44 68 39 43 15 13 99 11 15 21 55 13 42 44 1 11 12 38 99 22 93 36 97 60 72 61 51 41 95 41 92 32 16 21 96 90 53 6 70 97 68 49 43 70 37 12 76 49 2 86 6 99 50
100 77 29 42 33 93 26 37 92 42 58 58 56 19 1 69 42 65 40 96 67 2 39 69 97 31 66 13 66 26 99 61 19 62 81 63 38 41 41 28 47 36 66 21 37 93 51 64 41 73 8 47 62 98 29 81 20 80 53 34 16 37 47 66 97 95 71 66 14 13 31 46 39 78 68 74 82 13 81 80 95 83 8 76 31 100 73 14 2 8 19 25 92 22 97 85 92 79 58 4 77
100 61 57 31 61 60 56 28 14 74 48 24 60 3 59 89 13 75 78 17 25 39 22 50 75 3 53 15 68 51 49 5 91 21 6 32 85 52 46 5 83 36 39 96 95 56 8 15 8 81 28 37 23 84 88 57 43 75 64 43 12 46 22 5 20 42 34 84 30 43 18 54 65 34 62 4 53 34 57 34 93 37 48 70 48 87 11 98 30 90 25 61 64 37 79 24 44 30 50 35 17
100 44 64 39 10 74 10 77 53 90 32 17 50 54 93 8 94 17 53 64 67 72 92 1 54 35 13 69 32 42 77 26 73 80 56 20 75 63 26 14 76 56 34 41 61 86 31 88 3 58 27 60 90 69 46 100 91 33 77 73 99 22 84 43 24 18 37 73 77 21 31 43 46 11 87 54 77 72 31 25 27 29 25 34 67 25 31 89 46 54 97 100 85 47 30 28 84 12 64 97 31
100 76 76 81 14 15 23 88 73 32 4 63 39 50 7 6 6 20 38 68 5 39 42 10 22 75 72 85 33 30 22 5 93 40 10 86 90 10 46 63 64 30 63 54 95 19 8 87 28 22 67 49 69 87 40 71 70 40 45 12 48 29 69 61 59 33 43 52 71 21 96 86 83 49 51 43 15 93 26 78 48 83 82 93 94 55 50 30 77 4 97 35 61 24 62 92 17 55 6 79 36
100 26 49 90 79 87 21 1 58 6 56 75 5 75 36 55 55 35 34 52 84 56 69 58 24 32 81 52 23 86 44 14 59 81 97 75 77 59 24 97 5 90 25 66 97 78 5 71 61 98 15 97 85 69 52 99 12 1 62 63 14 82 88 44 9 17 83 33 96 13 40 81 7 69 19 55 32 4 28 78 4 28 72 69 82 97 38 32 18 6 77 98 61 75 43 24 61 31 53 20 51
100 17 38 95 78 73 44 81 60 81 69 91 31 58 47 55 58 42 88 32 97 99 46 1 84 97 43 95 44 59 65 35 52 11 45 58 92 9 9 69 26 13 20 86 23 52 18 48 81 50 98 31 99 58 21 47 87 93 99 99 54 39 80 19 27 11 77 63 45 15 18 87 39 12 90 39 99 85 86 40 35 35 46 46 81 92 17 85 38 53 92 83 90 54 86 72 98 46 67 1 70
100 15 39 47 70 43 71 99 12 78 95 55 81 76 7 40 2 15 64 71 65 54 25 79 85 22 20 38 99 34 47 72 7 6 92 12 7 44 50 1 74 22 57 8 89 92 18 21 8 43 40 41 61 52 95 56 27 99 24 68 72 52 96 36 67 3 5 51 54 24 7 89 77 62 84 57 57 53 41 33 60 35 50 19 88 40 53 33 83 10 78 87 67 96 62 22 76 51 90 4 19
100 12 83 36 48 17 12 72 44 98 100 21 69 12 75 12 12 52 27 94 34 15 56 95 71 70 33 28 3 10 95 15 18 54 53 72 88 8 41 42 46 47 77 24 44 37 97 98 16 42 66 47 48 53 21 76 76 31 22 69 55 11 7 12 48 47 21 60 4 34 7 14 95 87 91 30 73 3 77 39 52 8 13 25 44 96 57 82 58 97 21 70 18 6 56 50 28 32 56 37 17
100 92 13 62 20 76 67 36 56 29 7 51 81 79 41 67 35 57 51 28 62 33 21 17 21 25 100 74 29 15 5 41 27 89 73 88 11 85 59 9 24 96 23 96 29 8 29 98 37 64 37 71 6 84 10 85 35 5 72 68 45 50 17 55 34 34 85 57 42 54 91 21 1 12 84 64 6 73 45 48 41 100 73 47 12 32 4 78 41 84 5 68 72 63 55 51 81 83 75 9 80
100 36 56 16 100 78 92 58 100 38 52 68 14 60 14 66 16 12 52 52 76 16 58 44 34 16 84 78 98 54 92 84 30 22 98 50 6 56 52 80 32 100 2 70 18 4 70 10 42 4 54 40 20 50 14 18 22 6 36 60 30 54 100 94 42 16 10 12 20 58 84 64 76 34 76 62 28 30 62 74 44 90 78 96 36 66 94 22 38 54 80 100 46 62 60 40 60 82 22 54 68
100 50 38 96 12 78 4 22 8 96 2 46 62 56 30 100 26 66 20 76 36 38 62 42 28 20 66 88 62 36 64 62 40 56 8 46 22 46 70 32 10 62 18 94 76 40 44 22 62 56 26 42 50 92 54 92 32 38 4 64 38 82 40 92 48 48 48 58 64 60 44 54 6 88 82 98 92 88 46 22 66 2 4 8 50 98 28 82 50 76 58 92 60 84 100 78 78 52 48 8 68
100 6 34 26 56 94 86 64 76 82 90 92 58 46 42 56 48 40 34 26 10 22 72 76 80 98 30 72 56 72 46 68 60 92 62 94 88 62 56 26 16 18 56 44 66 6 100 90 30 36 66 36 66 4 36 12 56 66 4 10 82 42 96 94 12 52 2 84 14 64 62 8 56 98 14 12 62 48 2 58 78 16 12 90 64 16 58 12 40 72 24 36 66 40 22 12 94 18 66 60 22
100 74 18 76 64 80 62 62 14 6 68 16 92 30 16 66 36 70 2 20 94 24 4 14 78 82 64 60 98 20 46 54 84 70 16 28 30 80 20 78 44 6 92 84 58 38 92 26 20 4 100 88 72 50 62 50 84 18 86 32 60 46 50 52 50 58 48 28 100 70 58 84 78 72 64 86 80 74 88 80 32 40 8 64 70 30 58 30 36 30 96 22 50 78 44 74 54 56 22 70 76
100 20 24 56 32 84 86 74 92 94 26 88 74 82 60 70 26 32 62 26 12 74 30 72 92 16 8 16 72 6 6 96 64 98 82 26 54 56 38 36 56 12 26 16 68 76 94 96 30 8 88 42 44 34 86 14 82 16 64 90 58 40 60 66 62 100 68 54 92 12 80 34 66 32 10 34 72 20 78 76 24 56 16 74 16 72 66 66 18 84 4 50 42 10 34 26 38 36 92 14 68
100 36 46 68 68 26 100 2 74 32 24 70 34 16 22 8 12 54 42 62 74 58 82 18 22 54 66 32 42 50 36 58 2 96 20 70 22 64 10 24 36 90 68 42 40 16 28 74 42 70 52 56 40 68 16 34 90 38 58 26 18 80 80 98 32 30 94 58 96 74 48 54 60 58 90 82 98 12 36 80 30 52 66 42 82 14 2 54 84 66 42 90 40 20 20 68 54 70 80 94 34
100 76 54 80 62 4 16 86 44 100 48 78 26 40 4 34 28 86 8 24 48 86 66 66 20 58 52 40 2 92 30 94 82 6 84 94 30 24 96 34 42 72 82 84 86 72 14 22 72 16 26 86 24 20 10 54 50 56 42 44 28 12 62 62 58 24 96 28 78 60 96 26 60 28 92 90 4 36 86 44 16 20 4 86 62 84 14 70 40 48 14 24 32 48 12 40 96 46 18 40 60
100 42 100 74 76 6 100 4 94 10 88 86 30 86 64 78 76 66 36 48 26 26 50 40 74 18 12 6 86 22 62 10 28 38 66 44 22 2 64 98 94 48 100 2 92 22 62 32 76 68 86 66 52 54 56 72 42 50 16 90 88 66 20 94 96 54 38 62 46 64 92 4 98 4 62 68 58 68 36 98 8 54 70 86 8 2 52 10 16 36 100 64 98 64 90 84 58 40 64 88 56
100 42 30 10 68 96 52 14 6 10 56 16 86 56 84 40 4 90 14 86 88 60 68 90 10 14 94 40 62 40 78 62 82 14 22 16 16 30 4 58 24 66 98 6 38 70 68 16 16 88 14 54 44 20 46 8 12 16 26 40 72 24 14 10 20 70 12 76 58 98 72 2 70 28 92 24 14 68 50 98 38 6 76 38 78 12 62 26 88 86 6 44 22 88 22 60 48 58 94 46 6
100 92 36 40 24 76 78 38 82 22 30 54 88 20 46 34 40 24 60 52 42 34 60 82 38 92 68 16 48 70 30 70 92 76 96 4 2 98 70 80 16 94 30 10 42 46 10 38 88 86 48 48 20 56 30 90 70 72 46 48 46 38 92 62 60 46 28 40 58 18 16 62 12 30 84 40 18 22 88 90 80 20 96 14 68 14 94 36 34 92 56 94 84 50 10 6 60 80 34 62 64
100 80 88 98 50 28 58 34 98 44 8 98 38 78 48 72 10 52 78 68 74 32 38 4 74 34 90 44 90 96 60 38 46 56 40 22 14 8 72 14 62 24 4 20 94 6 94 22 10 72 94 46 46 100 60 46 46 88 26 44 10 52 48 74 92 38 38 42 90 44 14 58 44 54 72 42 100 66 42 62 10 60 12 52 78 20 100 76 18 14 64 36 64 94 12 28 4 8 86 98 52
100 74 34 68 96 48 60 32 56 2 4 42 34 28 82 100 82 52 36 56 18 74 74 68 94 92 16 70 22 8 28 26 14 96 52 26 84 26 64 6 6 64 24 82 42 8 82 14 100 22 48 36 64 4 84 26 30 30 16 100 58 86 14 32 56 28 66 82 48 42 70 32 38 90 56 58 44 70 12 26 50 64 10 62 74 6 6 18 96 70 24 12 38 32 28 66 28 44 24 76 36
100 38 46 26 96 86 70 40 86 70 72 44 82 62 70 48 60 68 100 34 4 56 64 94 16 30 72 74 50 82 84 52 6 22 12 6 56 72 90 76 72 42 52 68 70 36 88 82 28 38 38 68 48 42 80 96 38 32 6 42 88 34 14 16 82 4 76 12 34 70 8 28 68 62 50 20 16 56 52 88 26 4 68 60 36 6 86 40 46 94 88 98 36 22 34 18 48 88 92 76 4
100 12 10 100 36 46 16 36 64 26 10 82 26 48 46 12 86 36 30 74 18 20 22 16 38 36 90 84 36 54 32 72 12 84 4 68 42 18 70 98 76 58 100 62 58 70 94 44 46 68 62 74 8 36 60 48 88 76 34 88 2 34 6 26 16 48 84 40 4 86 72 54 6 20 40 92 6 52 40 82 74 62 2 22 56 2 88 56 20 70 36 74 82 4 4 58 62 48 80 14 90
100 40 68 84 6 94 42 6 90 98 98 18 60 90 50 16 84 16 86 56 42 38 42 6 98 20 50 56 24 44 84 96 90 60 46 76 98 30 6 84 20 2 30 16 44 94 58 8 8 90 74 40 68 26 90 30 54 70 64 2 60 56 54 24 52 34 44 34 50 16 76 2 98 84 60 76 70 96 48 42 82 16 2 34 68 66 6 100 64 16 78 62 16 36 100 8 22 22 34 30 84
100 12 18 26 20 6 6 84 48 28 30 22 90 16 20 44 36 56 42 90 48 80 18 60 80 62 16 4 98 30 76 26 34 34 10 32 52 62 48 80 84 30 50 38 36 16 22 44 10 14 6 54 48 72 96 14 46 76 44 86 72 64 60 32 24 92 44 8 98 100 50 70 2 52 18 64 4 98 64 96 46 76 62 78 32 60 88 16 70 22 76 22 100 48 62 72 84 98 10 92 78
100 86 32 14 32 30 34 8 56 32 78 60 76 46 4 46 50 72 12 98 82 34 22 50 52 42 40 94 94 32 48 10 34 74 88 100 40 82 52 90 74 14 90 80 94 76 64 70 68 90 26 46 78 92 82 16 66 76 12 22 60 28 96 4 14 16 26 60 84 96 16 74 40 8 32 92 22 64 80 22 88 90 66 10 82 80 36 68 16 72 62 68 56 2 48 20 72 86 50 50 84
100 6 4 36 32 14 38 70 30 36 80 46 100 62 40 34 4 20 96 36 46 4 16 90 30 54 22 34 94 70 96 50 30 4 72 86 94 88 54 40 44 60 90 24 70 22 74 26 16 100 58 34 40 4 94 56 4 22 72 4 40 34 50 32 78 28 44 30 96 94 2 40 92 6 32 10 76 82 28 76 98 10 70 88 6 14 34 24 46 58 4 80 60 2 64 48 4 82 100 30 58
100 40 92 40 92 90 84 94 20 2 74 56 68 6 28 16 92 44 60 78 66 92 20 36 30 100 64 44 84 38 88 74 32 68 66 76 78 38 34 8 100 26 60 80 46 44 88 10 40 88 50 80 28 56 26 56 12 100 24 58 40 46 2 50 62 58 70 92 10 78 18 16 96 10 64 62 52 66 94 80 80 80 54 26 84 96 72 82 88 72 56 84 96 94 32 78 8 10 94 84 10
100 30 66 32 92 68 94 96 2 88 2 20 86 22 14 46 38 20 32 8 86 98 70 70 12 52 100 30 54 58 84 100 10 88 42 96 40 46 86 42 22 16 64 98 64 62 30 16 50 4 12 70 76 92 16 54 44 94 86 22 42 84 84 82 66 42 86 98 66 76 44 32 18 96 84 80 92 94 32 26 90 100 38 98 36 78 16 62 58 26 34 62 14 6 88 18 98 54 16 40 34
100 30 58 90 68 12 52 68 80 78 60 88 66 68 86 94 2 6 14 18 4 98 60 50 62 8 84 52 42 70 12 80 50 66 18 24 100 16 38 92 66 2 34 78 94 66 36 48 98 20 32 20 4 82 88 4 20 100 84 96 40 48 64 6 8 82 86 58 68 44 74 56 86 14 8 28 70 60 94 40 64 90 72 60 46 72 100 14 30 74 4 24 52 68 94 6 100 22 62 78 78
100 6 40 46 70 80 68 98 4 40 16 66 72 84 44 52 82 100 74 34 18 10 50 80 14 76 72 12 18 20 4 92 32 28 94 56 74 84 4 30 18 54 48 50 90 54 72 36 90 6 78 42 14 54 68 22 2 66 60 36 22 22 60 92 4 90 100 28 60 40 6 24 4 68 14 50 8 18 90 36 12 74 12 70 18 60 62 16 70 70 90 28 36 34 70 74 86 64 6 50 32
100 72 14 50 76 8 14 30 96 24 14 94 40 18 74 36 96 68 66 86 34 92 24 78 2 78 14 62 14 52 50 24 56 98 40 74 96 4 80 50 36 32 16 90 100 56 42 26 46 34 100 40 42 60 2 62 36 62 80 20 56 10 64 50 16 76 88 92 6 56 48 58 30 98 78 56 56 76 48 78 74 76 62 96 2 52 68 62 22 64 6 46 86 100 66 16 58 100 50 22 58
100 76 74 14 60 60 72 56 80 36 6 36 100 72 70 80 94 32 90 56 70 34 50 6 66 58 40 36 76 78 8 66 64 86 76 24 24 100 64 24 54 70 26 8 78 58 12 96 72 96 84 62 86 80 34 64 100 92 78 2 16 52 94 6 18 30 18 98 30 70 100 20 70 42 82 70 8 48 18 100 8 10 68 92 46 22 32 90 92 98 12 86 80 62 90 88 66 28 98 90 60
100 4 50 76 18 2 98 4 72 36 36 36 50 28 8 82 84 56 4 72 88 16 6 36 98 64 66 56 12 82 98 86 94 56 38 100 62 76 8 92 46 18 88 92 72 50 24 80 54 16 76 68 60 72 30 28 42 38 60 100 4 8 70 10 10 86 10 46 88 90 30 66 2 76 76 40 96 96 60 4 12 76 50 42 40 2 78 22 8 58 50 34 86 80 72 92 62 92 8 52 90
100 48 86 24 58 8 10 56 38 26 24 48 40 40 30 60 12 64 62 52 46 32 20 60 88 100 52 100 90 48 44 82 52 2 42 12 22 50 94 16 18 42 92 46 72 86 24 42 80 72 60 48 84 26 22 34 52 86 100 24 12 38 18 36 42 36 78 54 82 46 36 90 46 54 2 4 94 48 48 80 32 6 52 48 56 20 36 16 70 88 28 36 40 82 30 74 94 16 88 62 88
100 92 44 94 46 14 20 90 84 30 52 94 92 94 74 66 62 30 30 32 76 14 82 30 26 64 48 90 88 58 32 70 22 44 44 38 74 74 56 100 68 60 96 80 64 96 6 32 50 56 60 18 80 18 24 22 12 94 66 6 88 40 16 84 100 68 40 62 14 72 82 78 48 6 44 14 16 54 2 92 100 20 60 66 26 54 96 32 10 70 68 70 58 42 50 76 36 72 66 40 60
100 22 80 28 52 70 80 94 100 64 90 76 30 60 22 98 46 92 100 10 82 66 26 40 28 18 26 58 2 92 76 2 54 58 46 60 70 68 60 16 32 46 70 70 2 16 76 64 22 40 74 44 6 38 38 4 40 48 100 6 12 72 18 66 62 54 52 96 88 86 40 68 90 92 62 64 64 26 64 40 78 44 72 24 46 24 8 30 2 52 54 100 34 46 50 36 84 80 22 10 2
100 16 12 34 34 98 96 92 38 78 32 24 84 22 10 24 18 76 12 42 44 94 18 82 22 52 20 74 68 74 44 50 78 62 68 42 32 82 42 16 92 32 88 96 72 70 60 50 70 10 78 20 56 56 16 80 20 24 26 14 34 100 86 72 16 22 84 92 26 2 8 20 32 40 10 44 48 14 56 46 24 76 6 38 58 92 56 66 96 50 24 18 20 54 24 92 48 4 42 94 30
100 74 18 26 70 4 62 64 24 88 92 44 80 2 56 66 62 4 14 44 66 52 44 94 28 74 30 44 84 24 52 42 82 50 24 74 64 58 32 30 50 50 64 80 30 100 76 8 8 46 6 18 38 50 72 96 34 46 16 24 22 62 16 46 100 6 84 78 4 78 14 70 70 34 36 24 38 46 62 52 18 38 92 70 12 12 58 96 8 86 24 50 92 64 82 86 48 98 4 58 62
100 44 70 80 26 16 90 32 88 22 6 28 20 24 38 32 96 4 68 26 18 52 60 72 4 10 36 24 36 70 96 48 30 72 38 66 16 84 86 42 94 62 20 82 6 82 44 88 12 46 16 10 22 62 86 64 96 30 38 8 14 38 62 80 54 100 74 70 50 56 80 38 52 96 36 16 92 44 24 68 48 48 30 38 76 66 68 30 38 18 54 76 84 72 34 58 36 50 32 66 16
100 92 10 100 68 100 22 44 68 88 86 48 82 62 72 92 16 58 80 94 84 8 22 40 54 24 28 66 72 18 96 14 86 24 16 30 60 44 94 90 70 80 90 72 34 84 48 74 74 42 42 18 42 92 60 62 82 78 64 76 46 2 52 2 6 60 24 38 42 38 28 22 96 50 30 18 66 96 18 38 50 28 22 2 100 10 30 30 18 36 98 88 98 50 22 48 86 62 76 82 74
100 46 46 54 76 50 68 48 18 8 6 98 90 74 90 68 26 78 28 60 82 76 36 10 88 90 78 74 98 62 88 2 80 14 50 50 24 80 30 82 8 70 42 64 34 6 98 50 92 66 66 14 52 94 14 18 70 32 76 2 80 98 100 78 88 90 8 54 56 16 72 18 2 48 46 76 14 72 58 70 86 64 30 14 78 96 98 62 58 50 18 22 54 90 100 34 68 14 82 14 40
100 62 98 78 98 78 64 32 70 58 46 78 76 96 90 6 40 16 100 88 90 8 28 20 32 76 40 60 56 98 8 88 36 78 96 12 74 24 58 2 98 56 52 78 98 52 76 44 12 94 54 94 34 36 68 94 100 100 10 2 70 92 44 72 92 32 2 96 12 8 10 96 24 10 4 32 8 36 24 10 50 86 46 46 22 80 82 2 70 30 50 60 28 74 64 94 82 58 28 60 16
100 72 38 98 84 76 78 32 78 42 52 70 4 98 2 96 58 82 54 50 28 2 42 30 24 4 34 48 44 36 58 58 26 10 4 60 12 36 56 68 86 82 10 34 72 46 28 90 20 24 20 78 96 98 46 82 62 30 50 68 86 90 32 60 42 16 6 22 6 78 60 24 18 10 72 22 58 6 98 70 38 78 80 74 68 18 82 80 92 44 24 62 74 14 26 42 78 22 100 66 16
100 22 38 42 20 24 86 92 88 28 38 100 18 58 24 72 8 64 70 48 58 70 82 96 58 20 62 50 64 8 72 56 44 32 86 22 72 54 24 70 98 46 6 60 44 98 84 20 8 88 4 64 88 90 58 42 90 92 28 60 68 94 54 98 46 12 22 8 74 28 46 44 40 16 14 68 44 70 62 68 60 90 30 42 8 20 76 96 26 44 98 34 24 30 34 82 44 78 86 96 72
100 2 16 84 12 14 66 28 60 86 88 90 64 76 94 58 88 100 2 26 44 6 30 48 24 32 60 40 72 84 60 96 30 22 96 96 64 64 48 68 98 82 34 24 70 64 56 4 2 48 34 80 78 78 24 44 32 52 24 62 12 10 26 82 32 44 52 8 50 32 78 46 16 98 66 86 6 62 42 44 74 68 16 70 58 12 8 30 100 90 50 38 94 2 96 50 32 24 58 38 26
100 94 18 42 98 42 56 44 12 48 56 76 46 24 100 78 90 40 36 74 72 56 74 2 40 18 28 12 72 68 6 20 94 92 52 28 16 60 2 60 4 8 34 6 26 50 8 20 14 42 30 34 22 26 26 100 26 28 16 84 18 76 30 10 72 78 82 46 78 66 30 90 34 82 10 46 78 56 34 92 38 98 26 94 4 100 64 56 8 8 48 10 100 40 94 4 76 22 80 20 44
100 32 52 100 32 96 26 22 100 46 100 38 80 50 60 80 58 94 50 72 92 34 34 68 86 26 88 58 56 60 64 6 10 6 74 82 58 16 58 76 26 46 48 70 46 40 30 30 36 28 72 2 16 70 12 20 74 76 64 50 54 86 64 46 20 44 8 58 2 58 52 42 76 18 70 98 92 20 26 50 18 74 24 6 10 72 28 62 26 26 24 26 22 72 50 74 52 36 6 38 30
100 84 76 36 76 14 68 92 96 28 32 98 18 100 66 8 80 80 74 88 32 20 30 24 100 16 6 10 78 2 70 58 86 26 82 12 96 100 76 24 64 96 82 80 64 24 54 90 84 12 40 50 8 24 76 18 56 46 96 40 82 50 32 44 90 4 92 62 32 74 14 62 14 68 98 30 30 74 98 84 36 6 32 44 62 80 74 74 34 54 76 84 78 56 44 18 26 56 66 46 88
100 26 100 46 90 54 88 80 6 38 60 80 36 56 30 54 52 10 26 10 86 10 42 82 62 50 32 10 24 28 88 54 98 52 8 8 62 84 2 8 58 46 4 22 36 100 16 12 8 40 88 46 30 14 18 52 18 88 26 88 70 52 50 80 48 4 48 86 48 54 84 82 90 42 68 46 72 18 48 60 80 90 12 62 16 62 22 74 62 54 36 10 94 48 88 82 48 24 18 92 48
100 24 10 76 86 78 62 54 10 94 50 36 100 30 80 64 98 76 28 48 68 66 38 40 54 62 12 86 28 8 4 22 94 40 30 98 28 100 24 48 68 26 50 100 74 16 90 20 64 88 12 20 84 50 26 22 26 60 96 32 18 92 94 52 22 38 64 82 84 48 12 56 2 78 100 8 68 34 92 60 78 12 96 20 8 54 64 92 14 44 86 24 46 16 6 22 90 20 36 44 8
100 70 94 96 26 40 34 14 42 100 62 60 82 38 34 92 20 54 42 8 40 90 10 62 66 56 84 16 38 82 88 40 50 86 94 74 14 82 40 52 62 94 8 22 38 90 82 46 50 26 50 62 16 32 40 94 82 42 38 60 26 86 100 96 18 62 38 46 24 68 4 90 78 12 46 6 94 88 64 54 18 40 38 58 72 60 56 86 76 30 4 80 56 24 32 82 72 50 26 62 56
100 16 62 4 56 50 56 30 22 56 14 82 18 32 18 76 78 26 46 18 40 58 66 76 46 72 86 80 100 54 18 74 2 98 80 86 54 64 74 26 64 60 92 16 20 16 36 100 84 18 72 92 48 24 80 68 58 14 32 6 20 6 38 4 48 38 54 40 58 76 16 36 86 74 26 4 8 60 76 24 4 2 96 46 50 100 22 20 30 68 18 70 42 32 90 94 62 58 6 66 32
100 42 44 54 20 46 82 92 70 94 64 48 94 34 6 54 60 50 22 20 66 62 94 36 4 8 52 4 54 58 54 80 26 62 64 52 28 88 66 14 48 10 48 98 40 10 36 48 86 66 38 70 20 86 86 84 94 22 20 14 86 86 24 56 10 6 16 20 20 24 58 94 82 70 96 46 62 24 8 100 50 100 90 34 80 46 52 34 12 86 12 24 70 32 48 14 84 16 82 24 58
100 38 2 12 68 56 10 68 58 62 32 92 6 88 8 10 70 78 88 20 18 96 66 58 22 16 10 10 60 22 66 48 26 56 78 44 14 64 8 100 84 34 12 82 38 8 70 82 94 86 78 82 90 8 66 2 98 58 16 16 20 74 18 76 48 60 4 58 62 92 64 28 36 96 20 58 98 8 60 60 34 28 96 8 4 68 8 94 16 26 70 76 86 78 98 32 58 60 26 12 34
100 18 90 96 28 78 96 52 54 32 68 94 4 82 78 86 68 12 88 94 62 32 66 4 76 54 30 4 74 40 26 100 36 32 16 24 94 76 94 26 82 30 82 90 34 56 78 38 8 6 46 38 8 52 92 36 30 8 2 38 46 72 54 98 28 12 64 4 60 86 82 62 28 58 98 98 44 70 60 30 8 100 56 26 32 78 46 90 54 20 22 80 68 56 44 14 86 28 34 10 30
100 4 94 70 26 38 62 56 38 36 56 66 56 64 26 12 64 32 8 62 86 4 72 50 76 38 4 84 72 66 46 32 52 60 46 2 66 32 88 4 70 96 30 20 66 86 26 98 42 16 38 40 14 72 54 4 36 58 72 8 54 58 66 88 70 76 56 36 36 66 14 82 56 84 28 56 90 78 76 24 52 34 36 6 50 34 4 2 2 66 66 54 76 18 40 6 78 46 80 40 52
100 36 94 52 10 80 94 50 16 16 58 12 10 66 32 78 14 10 90 44 94 94 60 98 24 58 12 62 10 8 92 16 18 90 52 40 38 98 74 80 64 58 30 20 54 16 24 80 86 82 50 68 26 10 70 46 54 6 16 50 62 96 40 36 28 100 58 68 18 72 74 10 4 30 94 20 20 22 72 6 10 88 66 82 54 90 72 100 34 74 100 90 86 68 72 16 16 4 60 46 78
100 4 100 30 100 18 46 94 94 46 72 66 46 90 70 76 14 38 30 12 90 40 2 70 42 26 84 70 84 18 30 16 92 54 62 42 74 58 80 90 78 54 28 98 66 22 24 72 8 66 42 64 20 64 16 4 70 14 84 16 24 78 8 34 4 34 62 38 46 56 74 92 72 64 84 40 86 44 52 24 16 40 100 58 76 32 80 96 20 54 94 16 64 14 44 76 54 100 6 4 50
100 26 58 36 96 74 58 96 62 8 24 14 34 38 52 22 56 30 54 72 6 16 48 44 34 98 54 56 88 56 10 48 100 88 94 64 40 16 50 78 84 90 36 82 36 44 28 20 40 80 74 32 38 42 66 86 78 26 86 78 50 24 58 74 34 88 86 44 74 86 76 98 48 92 30 92 92 6 12 34 70 58 38 84 82 50 56 18 28 14 92 10 36 48 44 14 82 6 34 8 50
100 30 64 22 8 100 42 88 60 62 90 68 30 26 44 16 100 42 48 56 60 36 92 26 66 14 88 96 28 82 92 84 24 38 90 38 44 52 98 54 44 38 8 76 12 78 6 62 94 12 90 92 26 40 50 42 62 44 70 26 2 100 6 94 16 76 78 52 76 32 28 34 8 76 26 100 50 42 32 68 16 68 56 48 24 16 46 34 22 6 52 64 54 84 44 60 74 20 58 84 80
100 42 92 22 42 16 82 92 74 94 56 68 14 74 6 78 66 28 28 64 54 28 12 58 30 82 22 92 36 40 50 10 24 80 74 84 94 80 4 48 74 42 72 94 50 18 66 12 36 10 68 56 68 80 100 40 6 44 94 36 92 72 2 44 34 54 2 94 6 78 82 22 86 36 80 82 32 20 78 70 82 82 66 42 100 44 94 56 82 8 66 50 52 86 30 52 92 86 70 10 44
100 58 16 4 82 46 44 32 60 36 30 10 2 28 86 4 64 42 64 40 60 82 24 84 74 76 40 42 78 36 76 66 32 62 34 36 92 74 12 20 60 88 44 12 24 2 98 40 2 56 70 24 90 8 88 16 6 20 52 12 26 10 76 38 28 8 26 58 76 44 12 98 52 90 90 2 92 98 36 14 78 70 76 52 78 2 38 2 20 84 58 34 6 34 72 54 76 12 40 74 50
100 88 64 32 10 64 30 52 42 92 2 32 56 88 84 88 58 64 50 12 32 74 44 92 12 20 30 40 4 92 94 78 90 68 64 56 42 12 2 72 12 78 34 52 30 60 24 30 12 78 28 44 58 12 72 94 56 70 34 46 24 6 10 96 58 6 42 8 88 40 8 20 86 14 94 94 54 52 14 2 16 70 32 56 8 98 94 54 76 58 34 76 80 2 34 52 70 10 52 26 44
100 8 16 88 26 26 46 42 80 30 64 10 86 94 32 68 96 66 68 86 60 72 48 36 22 72 96 82 98 50 6 46 4 58 100 94 68 62 10 36 36 58 34 64 78 20 66 100 6 42 66 18 40 80 8 70 96 58 40 78 36 74 30 90 32 42 68 10 72 84 64 2 20 86 70 88 68 42 94 74 48 20 96 68 46 82 22 58 52 56 8 58 90 38 60 20 36 66 46 40 56
100 90 16 14 24 58 64 84 100 42 80 22 4 76 80 64 70 10 78 22 88 36 26 22 52 60 90 86 4 26 54 88 70 14 98 100 70 10 16 96 48 42 68 46 76 68 86 24 8 12 96 76 60 18 42 78 86 54 64 84 32 6 92 10 96 96 6 44 24 4 76 72 4 6 40 70 44 62 60 94 98 86 26 4 72 96 70 92 90 30 26 52 22 50 70 2 100 38 78 72 68
100 18 6 70 70 14 12 100 54 70 100 34 64 54 74 2 82 22 76 100 48 92 12 24 82 38 84 6 66 100 6 40 44 72 74 46 56 10 78 72 60 18 46 50 22 68 6 52 64 20 72 100 50 100 24 10 30 48 30 92 60 100 86 46 46 62 92 50 70 2 96 32 32 4 8 84 62 60 6 78 74 38 80 40 92 82 4 72 28 100 32 94 48 4 96 94 48 100 18 8 74
100 22 18 92 16 72 78 50 38 88 62 84 26 66 92 40 16 8 78 84 16 8 98 16 64 12 16 18 74 50 10 4 30 58 14 96 82 10 80 32 98 84 2 96 14 84 42 22 60 32 82 6 56 18 20 94 12 90 90 62 50 96 38 74 74 88 82 82 52 68 34 86 92 46 82 28 74 84 78 72 78 42 62 52 42 30 16 28 96 96 94 42 100 60 94 34 74 40 74 76 60
100 100 58 62 62 46 54 68 8 100 98 64 26 6 54 16 42 90 90 72 4 28 18 52 44 56 78 60 86 22 24 20 56 68 94 46 62 54 74 48 2 20 74 10 84 92 58 18 100 6 70 50 62 22 94 44 70 60 66 14 90 36 86 4 52 72 22 52 24 74 16 64 22 50 78 84 28 88 52 2 6 62 14 18 72 88 4 76 46 62 48 62 48 100 8 36 54 72 38 40 46
100 26 46 14 80 36 74 94 4 18 72 36 72 4 96 62 34 36 24 30 92 28 96 74 96 16 32 82 22 26 84 64 48 66 16 62 76 54 66 60 76 50 98 76 60 18 38 22 32 4 56 92 36 84 56 36 74 66 74 38 28 2 24 70 2 46 56 38 12 14 94 80 64 90 54 96 36 84 64 74 70 28 52 34 42 48 42 24 58 26 76 64 78 48 28 70 80 12 68 16 54
100 26 94 26 32 2 54 36 40 12 60 4 92 52 34 66 86 26 64 72 30 30 86 82 34 30 76 32 52 54 68 20 18 18 56 18 60 70 44 60 46 62 86 42 50 96 66 16 80 6 72 74 66 76 6 12 80 88 20 94 40 22 34 56 70 22 98 64 66 10 76 66 96 20 12 6 60 28 58 14 86 94 20 36 48 8 56 74 40 60 14 100 2 96 50 62 80 14 10 20 60
100 44 80 46 76 4 38 70 88 2 78 76 100 94 70 90 50 86 58 4 8 86 80 36 22 8 2 92 38 78 26 96 12 32 4 88 18 18 90 96 70 68 14 96 14 16 38 12 72 46 66 42 96 18 6 100 74 36 60 52 68 6 70 14 70 70 6 44 20 40 20 44 26 60 60 14 84 96 66 38 12 82 92 26 62 68 78 16 12 68 70 66 54 46 70 2 56 20 32 60 8
100 8 68 2 42 28 32 60 30 10 30 88 22 76 12 90 74 70 10 20 92 100 36 22 96 32 90 50 72 48 48 92 42 92 92 16 22 88 48 38 28 96 50 18 60 52 36 36 70 38 22 42 72 38 42 60 86 80 16 22 66 88 98 42 42 92 54 4 40 36 36 58 80 98 50 64 82 58 16 54 54 82 30 6 62 20 14 80 82 82 8 12 8 10 40 80 70 66 74 54 44
100 62 90 4 40 90 98 80 48 44 70 48 36 96 48 66 18 20 80 76 72 28 16 16 68 10 4 56 20 10 36 18 10 6 8 16 10 24 20 42 72 50 78 98 98 38 66 34 50 100 14 74 86 80 68 32 18 60 38 22 58 36 66 74 98 60 42 78 18 48 46 14 8 10 46 32 88 8 86 10 84 96 70 18 44 40 98 18 30 38 22 84 50 96 86 66 60 68 6 90 38
100 74 62 56 24 88 72 24 88 82 36 46 26 16 34 34 4 80 6 20 50 64 92 28 34 36 26 26 38 98 62 68 100 52 96 24 80 24 80 4 100 58 30 74 6 48 72 80 36 100 40 28 52 28 46 48 42 36 36 78 88 34 54 24 56 6 100 24 70 34 80 54 28 8 76 18 66 62 16 66 76 92 56 42 100 86 28 42 98 66 80 34 60 80 20 8 50 30 76 20 48
0
