100 78 12 82 98 34 94 62 52 58 78 100 78 80 26 16 100 54 66 50 72 96 48 50 62 100 86 74 98 16 20 4 92 96 62 52 32 12 2 62 58 56 64 74 56 38 28 60 80 10 44 28 76 18 96 100 20 54 48 18 38 4 88 14 60 82 82 92 54 38 86 2 96 2 8 80 66 94 76 72 46 12 16 82 40 90 26 58 84 28 88 42 98 28 26 56 98 24 30 8 84
100 18 34 62 26 92 98 100 60 80 58 90 12 64 26 50 98 78 38 72 40 90 78 44 26 68 34 78 20 78 48 90 76 78 84 34 50 8 58 6 98 60 96 76 56 2 44 62 56 88 52 86 68 4 40 20 92 50 28 12 66 88 62 66 44 44 10 10 48 2 22 80 56 86 72 58 88 76 94 36 52 12 78 32 74 66 12 56 24 94 28 84 36 20 72 82 70 6 32 96 98
100 38 98 38 32 96 18 66 72 24 28 18 54 8 52 20 96 90 72 66 18 78 22 46 60 84 58 28 38 94 34 52 14 16 22 24 72 70 30 18 38 50 4 94 8 28 8 12 56 82 58 8 70 92 64 24 2 24 54 18 50 44 12 6 70 22 76 20 66 12 10 56 48 24 68 62 90 6 90 38 90 22 32 56 50 86 46 80 40 26 48 12 10 26 82 8 24 38 84 16 44
100 44 60 6 8 18 4 76 98 28 64 30 92 98 20 60 96 46 72 76 70 72 58 52 92 2 22 54 2 92 56 28 48 60 84 44 100 86 16 52 8 84 92 6 38 2 72 68 32 88 62 34 24 18 96 74 20 18 64 2 10 90 98 38 6 22 50 82 28 72 42 96 20 32 46 56 36 84 56 42 46 36 2 34 34 14 72 78 72 64 44 62 20 54 8 42 30 20 86 30 12
100 72 2 34 84 72 96 14 66 22 86 70 56 44 94 70 8 28 50 20 52 46 60 60 6 96 24 46 72 22 10 6 8 52 62 94 28 38 90 16 16 80 58 14 38 64 82 64 72 18 74 98 52 54 82 94 40 98 26 68 2 78 50 16 38 20 40 60 74 2 64 40 96 72 50 6 14 32 68 22 100 52 98 98 48 12 58 10 42 46 28 64 68 70 60 100 54 40 78 68 16
100 44 52 70 4 98 20 82 4 82 10 32 18 24 52 36 38 60 32 40 68 38 52 70 78 10 20 12 98 38 88 4 100 86 34 84 82 62 62 88 92 12 48 44 18 90 18 22 20 10 38 34 40 66 52 88 76 64 12 56 78 74 96 6 70 38 8 14 40 18 2 94 4 40 88 20 40 74 22 44 2 78 76 18 8 60 58 38 6 90 62 52 14 92 2 50 22 84 22 94 66
100 8 2 86 52 14 48 24 46 50 76 50 22 40 50 12 68 94 48 48 2 20 98 72 76 6 32 6 48 18 68 88 90 26 100 98 76 62 52 32 54 26 22 90 84 82 56 50 78 58 48 24 40 100 58 8 60 94 92 38 78 84 72 26 86 34 52 66 40 80 38 34 22 28 84 40 54 36 64 80 92 36 94 12 32 100 32 66 88 74 36 30 56 62 72 70 16 86 94 60 52
100 14 16 98 28 14 82 98 72 42 66 76 68 66 14 46 74 38 86 2 30 34 12 76 52 12 92 26 34 4 14 18 14 80 44 78 74 82 36 26 60 74 22 84 16 74 30 24 32 90 78 32 98 14 60 12 30 16 38 56 52 72 98 70 50 74 42 12 12 6 64 48 14 54 66 76 42 54 96 10 12 76 6 56 36 32 56 52 94 100 28 10 90 4 2 14 70 52 94 92 46
100 88 10 50 28 28 80 4 44 42 92 94 78 20 12 18 60 62 18 88 2 12 82 18 56 28 2 16 100 90 82 24 88 82 62 4 6 84 84 98 26 92 28 90 68 42 86 86 96 36 46 60 68 12 34 94 4 22 60 42 68 38 2 62 54 12 100 100 14 60 84 74 90 54 6 72 50 72 30 50 72 4 92 64 30 32 20 86 2 84 28 96 32 14 58 34 32 38 4 30 2
100 56 2 6 12 22 50 56 8 28 38 66 74 48 12 88 50 98 4 80 82 60 76 2 8 46 84 72 88 6 86 2 66 64 66 82 58 24 30 32 70 20 46 72 60 72 76 86 24 10 50 94 48 68 68 90 92 70 52 68 4 76 42 88 42 60 26 92 92 50 64 52 18 10 62 42 22 90 36 96 12 34 10 70 66 2 16 14 28 100 98 14 62 40 18 100 50 90 80 2 4
100 86 66 52 46 100 60 56 62 58 70 52 10 60 8 34 82 76 38 72 40 4 74 32 46 92 46 94 82 30 44 16 38 38 46 82 40 12 36 4 72 86 100 10 84 36 28 70 44 96 22 86 100 20 76 68 72 40 46 30 68 74 50 8 38 20 18 86 14 46 76 42 32 12 8 94 76 98 54 100 38 46 50 14 22 56 50 4 4 66 32 26 32 50 6 20 48 52 64 6 26
100 100 28 66 98 94 46 30 50 92 46 52 48 32 74 56 78 40 48 62 90 76 24 40 10 26 96 64 34 46 50 60 32 56 60 92 44 88 56 4 36 68 66 80 20 10 2 4 4 24 84 60 74 96 22 86 46 70 30 36 10 46 18 88 8 86 98 44 10 76 24 26 62 8 22 68 92 94 100 40 46 10 32 82 14 72 80 28 12 4 72 94 86 72 58 6 32 60 88 20 78
100 86 72 20 26 22 8 40 64 86 84 60 68 66 42 60 66 8 76 90 84 10 34 72 54 66 22 90 20 10 36 96 96 62 16 56 96 100 52 90 38 72 24 60 28 2 44 38 64 4 52 46 76 68 34 84 44 86 66 60 54 24 68 98 6 26 48 12 24 72 54 14 94 24 12 52 82 50 50 4 60 26 74 94 80 80 36 74 86 52 78 40 68 92 40 84 34 32 60 8 60
100 76 80 60 82 12 80 72 8 66 94 68 100 58 2 54 2 6 60 94 2 34 100 2 78 66 44 88 60 54 94 34 66 42 62 26 98 56 40 80 76 2 42 56 8 98 12 86 54 48 12 48 32 100 72 18 68 76 96 30 32 80 72 44 26 78 40 30 98 88 68 26 98 16 28 16 60 46 56 96 48 82 32 16 8 62 10 18 24 14 92 28 70 100 90 24 54 36 38 4 52
100 58 20 58 62 66 20 24 96 56 50 14 60 14 30 56 58 74 40 78 92 66 36 72 8 48 82 78 22 52 46 22 100 22 84 22 66 18 20 52 28 4 80 28 22 4 68 24 90 4 50 18 24 20 4 90 24 48 90 36 8 36 26 74 96 10 32 82 52 10 26 62 24 98 8 68 58 94 84 8 98 54 78 2 88 92 68 96 98 18 96 92 68 10 50 90 74 88 40 28 42
100 18 94 6 88 66 24 82 54 6 76 8 66 16 52 72 80 20 100 26 22 72 48 88 56 52 58 52 18 64 18 16 60 90 30 4 60 90 62 98 92 44 24 80 66 92 96 82 86 10 72 76 6 58 98 8 22 46 24 16 70 48 78 20 86 92 70 20 64 26 14 12 6 48 42 34 84 8 22 94 100 22 40 70 76 66 36 68 12 72 20 8 70 74 28 54 46 94 42 38 86
100 20 52 62 22 22 74 98 18 98 34 76 30 78 46 24 94 44 84 38 70 10 38 32 86 96 42 78 10 14 2 6 46 78 40 28 72 4 30 64 54 56 40 100 26 36 14 58 70 74 66 8 54 58 46 36 46 98 54 12 58 28 38 66 36 14 90 52 88 60 62 98 12 82 46 20 70 14 62 28 78 50 32 96 2 64 6 26 58 20 94 64 46 52 14 12 100 58 12 40 36
100 16 10 56 90 50 60 8 64 92 24 92 16 78 8 80 58 4 90 62 30 98 16 48 4 96 74 88 22 76 76 30 42 30 88 98 58 82 18 44 86 46 80 20 80 10 68 26 36 42 52 46 52 22 76 2 48 84 78 82 20 40 96 46 28 40 100 54 76 70 52 90 96 40 16 64 56 98 78 78 92 96 38 64 24 32 58 56 96 96 68 64 74 48 58 2 42 16 100 82 20
100 24 10 4 90 88 12 14 88 100 26 74 84 94 2 18 6 38 66 14 52 72 82 62 80 90 42 36 96 88 94 4 18 66 6 94 36 96 80 10 54 54 34 50 18 70 82 8 32 88 46 50 58 28 64 82 40 44 58 72 92 30 68 68 44 84 96 42 98 74 74 20 96 34 46 16 100 16 68 64 86 54 74 14 4 24 10 10 38 50 58 20 28 32 38 54 96 76 70 2 56
100 60 80 74 94 84 56 14 74 26 90 44 76 78 8 34 20 40 100 28 26 10 10 70 60 32 58 20 10 82 52 42 70 38 96 58 42 34 62 38 42 22 28 24 44 62 90 90 78 34 14 22 20 62 20 8 98 2 28 2 66 28 16 22 96 72 66 24 90 28 2 42 68 64 54 70 62 28 16 46 58 58 10 94 96 38 70 50 76 2 100 82 94 10 100 26 28 38 26 6 54
100 90 94 68 78 94 16 74 46 56 30 30 60 52 66 8 16 74 52 38 52 88 76 64 10 80 22 10 90 90 2 50 66 32 6 80 28 8 34 70 34 46 42 46 80 36 32 30 98 34 24 94 12 86 28 34 84 46 96 6 36 76 60 18 34 78 46 10 14 80 16 14 34 76 80 58 22 58 18 8 68 40 94 6 90 60 88 8 6 42 54 6 14 70 46 18 74 44 76 78 74
100 34 62 82 46 14 40 62 30 14 68 88 10 2 30 10 26 36 82 6 38 56 22 74 96 52 56 38 56 80 4 16 84 96 6 20 4 94 98 70 10 22 34 16 20 64 28 38 4 12 98 16 60 62 44 82 10 86 54 40 46 24 72 38 24 62 72 10 62 18 40 46 78 56 56 50 96 72 96 72 10 4 66 96 2 92 88 56 76 16 16 32 46 50 78 26 80 46 34 88 84
100 44 90 12 52 30 4 22 66 30 32 16 46 22 56 78 44 78 76 60 22 98 48 72 56 4 4 50 38 50 96 60 8 18 82 38 26 8 54 2 50 94 50 46 4 84 38 98 90 46 80 36 66 90 80 56 18 86 26 78 28 92 60 22 18 26 26 80 54 16 28 46 100 8 24 46 34 78 22 52 14 14 24 4 50 42 16 14 26 32 4 2 88 62 28 52 20 92 68 52 34
100 60 56 28 24 44 78 88 78 24 46 2 64 62 42 52 66 100 26 90 54 86 12 52 10 42 56 4 28 34 26 70 34 32 32 14 52 90 76 52 58 84 66 88 50 52 48 18 100 56 20 88 50 70 64 92 90 88 56 30 4 4 54 32 84 4 88 38 60 62 6 56 20 86 62 6 16 50 16 12 98 58 82 2 92 46 62 74 96 84 6 38 92 62 58 34 90 100 84 42 34
100 78 98 36 16 52 34 100 78 10 26 58 98 60 28 58 24 94 58 92 94 4 68 2 42 94 2 34 62 84 14 22 94 10 98 78 56 68 64 12 26 92 22 92 42 48 64 82 12 52 10 72 42 50 80 72 40 66 80 18 48 52 22 24 82 72 42 98 54 78 20 34 30 48 86 16 12 94 36 66 28 70 64 60 44 98 16 12 76 38 18 2 48 36 56 32 84 28 92 24 38
100 50 92 16 2 76 74 96 22 34 86 86 42 88 64 38 68 28 54 98 92 10 94 38 86 92 26 12 32 80 6 46 62 82 98 48 10 72 36 26 60 64 20 44 54 66 22 20 32 68 70 82 22 8 72 12 94 8 56 2 66 60 16 24 8 92 80 18 62 32 98 16 20 76 66 26 54 66 58 94 58 14 64 78 16 28 72 6 88 94 82 74 38 56 42 72 50 98 86 72 78
100 78 74 66 54 46 30 100 62 70 48 74 12 52 40 44 100 18 96 34 24 50 66 10 70 90 52 40 56 68 6 6 6 50 48 74 64 32 14 30 92 74 22 82 28 40 98 50 56 54 52 36 32 76 32 90 56 94 6 42 6 98 42 90 16 14 88 96 86 90 2 16 64 86 72 26 68 22 6 74 98 90 46 32 8 58 2 44 54 4 54 62 74 100 78 62 62 100 50 76 48
100 70 66 4 66 84 72 72 74 76 66 6 22 14 38 100 8 52 70 50 62 94 96 94 20 90 56 22 40 38 92 100 52 96 34 68 98 60 84 90 58 98 14 20 74 30 64 22 82 92 70 32 66 42 4 64 96 90 44 84 40 44 56 54 82 100 78 74 80 8 24 66 76 10 70 50 8 50 26 28 68 88 50 20 8 12 80 20 66 2 78 24 74 58 68 6 50 88 62 14 54
100 6 42 26 38 14 86 86 64 32 86 66 50 60 6 92 34 32 70 64 28 42 30 84 70 32 92 90 20 16 86 8 86 46 68 12 70 50 94 80 86 84 12 2 24 68 18 78 12 64 48 16 22 2 6 78 76 26 74 44 68 28 84 54 88 60 90 16 24 16 14 94 28 6 70 14 94 80 62 52 4 36 26 64 54 46 48 60 10 10 56 54 26 56 74 44 32 74 80 48 96
100 12 100 18 26 52 94 8 90 78 44 74 50 12 34 50 4 84 76 80 34 86 68 6 96 52 36 22 98 100 52 4 12 54 96 18 96 96 24 40 30 42 28 80 4 78 42 96 28 70 88 22 36 12 18 68 70 84 24 44 10 68 82 58 68 48 18 4 56 42 44 100 2 40 56 92 78 32 58 8 72 52 56 78 48 72 74 50 30 80 30 94 4 66 36 12 86 88 88 8 2
100 8 98 2 30 86 10 76 2 20 68 62 28 60 18 52 46 72 52 64 36 80 38 96 80 72 38 28 30 92 12 26 50 90 70 6 86 100 32 86 94 42 92 56 66 20 86 66 46 56 34 22 52 62 94 36 88 84 96 66 98 20 88 12 26 20 10 44 10 6 82 86 92 28 58 88 20 54 2 42 82 32 46 10 56 38 90 92 88 82 72 54 12 70 76 76 60 32 32 4 60
100 26 28 28 78 88 60 90 14 90 48 82 34 82 18 94 90 80 88 76 32 60 24 8 78 52 66 46 58 50 44 66 62 2 2 66 14 20 82 36 98 78 6 12 24 90 66 20 76 92 72 70 22 22 16 24 82 78 16 64 60 68 50 12 60 66 10 22 46 22 74 22 4 22 18 8 54 42 32 66 86 72 48 72 76 64 98 76 74 36 14 36 92 98 68 6 56 68 24 66 74
100 76 48 94 14 62 68 62 32 74 14 28 100 4 40 64 100 42 26 46 84 20 48 18 82 76 74 100 48 30 86 48 10 12 58 12 52 98 68 16 32 16 94 66 86 50 72 88 58 98 18 6 46 90 78 88 30 78 64 90 86 96 76 84 84 14 68 20 90 42 40 10 26 18 6 68 86 34 60 42 48 94 62 86 30 54 64 32 2 74 40 52 42 44 68 76 8 32 58 12 100
100 42 20 26 82 76 86 68 64 10 80 74 70 30 22 14 2 44 34 22 4 88 22 28 80 38 86 4 14 76 92 90 34 42 60 88 52 92 66 54 24 14 94 60 64 50 98 76 82 6 30 24 94 16 70 78 68 14 42 88 70 70 18 82 78 92 54 8 64 76 92 32 60 42 48 84 12 16 68 38 28 90 18 50 64 62 66 80 38 2 80 4 78 60 48 92 96 78 42 94 2
100 72 64 18 72 98 16 14 38 42 40 6 90 24 76 72 26 22 46 60 72 66 24 60 18 56 28 24 8 54 70 86 56 16 28 90 58 24 62 18 76 98 90 80 10 88 66 46 50 98 24 36 30 74 58 84 42 66 54 30 22 80 52 74 42 38 12 78 24 64 70 36 14 82 82 92 52 44 54 46 48 38 92 34 82 28 58 70 24 92 10 6 58 40 58 18 6 84 72 64 90
100 40 62 44 48 12 90 96 54 4 46 50 10 84 70 62 8 14 16 66 10 32 92 36 36 64 78 84 96 22 22 90 22 80 70 2 18 16 8 56 12 68 32 62 46 28 98 2 2 14 32 64 44 26 26 40 2 22 94 24 2 76 60 74 14 74 26 34 100 44 26 64 80 92 58 82 2 92 76 10 16 100 66 62 22 24 54 62 30 44 24 26 24 12 84 42 28 74 92 72 76
100 26 48 34 88 34 64 80 84 90 38 54 40 76 94 36 68 68 56 80 58 52 74 40 50 46 54 20 4 78 98 68 56 96 26 38 92 24 42 86 16 34 2 82 98 2 34 10 88 26 52 60 44 30 100 86 10 90 82 52 84 16 36 54 92 10 36 36 100 44 70 80 46 70 74 64 40 14 100 48 82 78 6 56 38 96 58 34 88 12 58 54 22 32 26 28 28 12 78 2 62
100 66 16 74 92 12 56 76 18 94 70 62 30 18 30 28 42 72 26 96 86 58 94 52 76 2 72 26 38 32 46 46 14 22 28 34 56 92 12 36 22 44 82 98 2 14 18 34 22 90 90 26 88 36 10 28 62 8 82 70 76 6 24 78 56 48 90 94 38 20 54 14 58 70 12 60 4 42 20 38 10 14 32 80 62 70 14 30 8 28 28 78 98 12 56 84 40 10 88 8 64
100 56 40 20 52 80 94 18 12 60 94 46 42 50 4 70 84 42 38 66 66 10 44 54 80 8 52 24 84 28 74 96 34 46 94 38 30 4 48 38 30 76 84 56 48 62 40 56 98 26 30 4 92 30 82 36 64 36 98 44 60 20 86 74 62 8 80 100 78 76 4 28 80 70 90 2 78 22 22 98 34 66 26 76 96 36 62 42 4 58 36 64 64 52 10 92 92 56 28 20 80
100 92 20 20 40 64 38 74 26 28 18 100 40 16 20 80 84 2 24 98 84 90 70 20 80 20 6 86 38 66 22 66 14 70 68 50 6 84 18 48 82 90 96 100 6 58 48 88 86 88 54 62 4 66 40 4 22 64 74 98 6 28 60 22 26 94 54 26 74 42 22 88 64 34 88 2 58 30 64 54 26 10 58 18 32 98 52 38 20 70 34 18 66 54 56 92 44 86 92 48 88
100 24 18 88 78 46 44 16 72 2 72 92 24 4 64 74 24 54 10 74 54 20 6 70 64 78 90 12 2 68 94 38 14 32 30 70 46 54 86 16 78 2 64 34 18 100 10 48 24 68 40 30 54 74 100 100 86 30 60 12 96 98 90 46 42 6 28 40 10 46 62 30 2 58 74 4 10 44 74 48 46 32 100 78 14 50 36 100 32 28 20 40 66 64 52 60 32 76 58 46 50
100 24 34 68 36 64 62 90 70 44 86 30 100 18 68 44 8 2 44 22 40 94 10 2 6 62 88 50 26 24 18 12 84 60 92 54 72 60 72 32 70 36 70 24 70 48 22 98 18 36 90 26 22 24 88 46 2 40 98 38 64 88 56 92 84 18 82 26 84 54 10 14 22 74 48 76 50 78 40 40 50 86 34 94 82 84 88 92 40 60 48 82 36 32 52 30 98 32 98 54 86
100 84 48 88 60 14 48 72 20 38 10 6 58 36 42 18 46 52 34 40 54 22 52 38 68 96 54 32 32 58 96 38 20 12 68 64 22 70 32 90 50 6 36 80 62 42 34 44 86 14 62 2 52 46 4 32 12 50 66 30 80 90 40 20 48 30 66 22 90 40 98 40 52 52 30 32 78 56 80 22 92 50 20 98 4 32 20 40 96 24 94 70 68 48 98 32 6 62 80 2 38
100 64 96 66 56 6 32 32 76 58 8 38 34 68 84 64 40 42 82 64 40 34 28 30 30 92 88 54 46 36 62 88 94 36 18 64 68 56 14 86 50 86 74 42 34 32 78 88 66 34 80 18 92 92 88 62 4 22 86 36 92 92 94 20 78 82 70 56 84 62 58 72 70 92 50 50 56 66 28 30 26 100 90 48 4 28 22 52 52 48 26 18 96 32 8 94 52 74 68 66 40
100 82 40 36 32 72 80 38 90 76 92 30 56 46 2 16 98 42 94 100 52 2 58 16 56 62 76 42 50 10 76 56 24 12 64 64 86 68 40 86 38 26 60 30 66 82 100 98 70 6 58 24 28 64 22 56 4 34 42 98 24 40 28 10 52 26 68 44 18 72 6 30 66 8 36 88 72 46 16 16 76 60 36 12 40 24 4 70 44 10 6 22 98 90 22 30 88 34 10 58 8
100 22 26 100 42 58 46 58 54 80 52 46 18 90 26 32 90 78 6 46 92 78 38 44 52 48 60 96 34 10 64 50 80 64 70 44 60 18 66 4 90 80 34 30 76 48 2 80 96 64 58 26 2 98 72 50 42 86 80 16 18 54 16 28 38 30 70 86 70 96 16 6 44 82 76 88 52 80 96 12 72 30 28 28 68 4 26 12 44 94 68 2 38 6 70 24 94 96 4 92 50
100 52 96 78 44 40 38 58 56 98 36 96 40 54 26 48 50 56 72 16 10 10 18 92 30 92 18 32 48 92 96 72 8 36 74 62 64 38 90 20 82 12 22 62 28 88 6 62 96 12 28 50 4 66 76 12 16 98 50 6 94 42 16 90 10 58 80 30 26 62 16 22 68 54 64 38 52 80 100 10 82 58 28 26 20 56 64 42 80 82 92 98 78 72 58 96 76 72 64 82 58
100 96 62 8 8 36 54 10 26 44 46 82 62 2 66 74 96 48 72 58 8 10 98 32 50 14 76 38 46 36 72 38 70 36 30 72 16 14 22 72 98 6 54 64 36 16 6 30 78 62 98 22 64 44 32 2 30 26 80 90 36 70 64 40 86 80 78 28 80 70 86 24 10 66 2 56 92 92 30 56 20 94 30 12 66 18 44 60 58 18 4 88 40 50 28 84 62 2 6 36 32
100 76 8 82 52 58 52 32 42 96 46 32 86 82 48 40 36 60 60 52 28 68 14 22 72 80 40 100 76 18 82 16 46 82 10 14 88 10 88 50 36 84 76 26 98 16 90 40 52 58 50 84 48 76 50 68 48 78 10 12 28 84 100 40 10 78 34 22 74 64 62 46 92 80 40 34 54 100 52 20 28 90 92 8 98 86 26 100 14 94 22 50 22 2 14 30 64 42 4 24 10
100 90 86 8 100 34 40 42 62 82 12 6 28 16 24 36 10 88 16 92 94 90 18 20 68 64 26 46 56 48 82 66 72 28 26 54 54 6 32 6 34 66 36 76 96 6 16 86 96 80 38 60 68 90 62 88 10 46 90 68 16 84 84 64 44 64 26 98 64 8 22 82 82 6 28 58 14 92 90 8 60 4 36 96 88 76 74 2 38 36 6 54 68 46 82 86 6 24 18 74 90
100 24 88 14 20 32 18 46 50 20 72 30 6 28 70 84 22 42 98 72 56 38 4 20 50 74 68 24 4 16 70 84 46 90 86 22 10 48 42 36 70 2 16 4 26 4 78 62 66 58 22 84 68 82 6 74 30 66 64 24 36 46 24 62 46 86 58 70 68 100 14 22 44 44 64 90 92 4 44 16 34 64 48 28 80 82 30 12 22 48 78 2 14 40 98 50 6 42 90 56 18
100 34 66 26 8 14 96 74 52 16 4 26 48 6 26 28 30 4 26 88 22 80 72 58 60 86 10 74 62 2 64 86 24 24 28 90 8 80 72 20 62 48 40 12 90 24 6 94 18 16 92 12 34 66 90 28 2 26 14 68 92 40 88 72 92 16 92 74 72 14 82 36 74 6 20 46 36 76 98 64 24 22 82 28 10 96 18 70 14 98 24 32 60 40 72 34 12 34 66 6 40
100 100 38 96 8 24 52 96 16 60 74 36 20 26 82 74 4 76 48 70 52 64 56 48 30 46 80 70 22 6 42 30 76 72 74 44 24 44 84 80 20 6 66 64 10 98 98 22 72 16 78 12 82 82 38 10 62 48 26 58 80 42 68 98 48 58 16 46 24 42 36 18 100 68 52 18 26 8 38 28 48 94 56 86 94 26 40 72 58 40 28 54 98 78 12 34 16 20 48 4 26
100 14 54 32 24 64 100 28 98 22 90 70 84 26 36 18 76 2 48 14 48 78 12 80 80 58 80 64 76 24 2 64 60 70 76 64 92 72 100 48 92 78 64 24 44 56 52 100 100 32 32 74 14 90 6 38 76 94 46 56 28 92 24 4 46 12 58 50 58 78 52 32 90 58 36 22 54 24 30 8 22 48 58 26 62 58 18 88 96 78 100 96 4 74 12 58 72 88 30 26 18
100 36 94 2 32 50 70 22 46 28 66 80 74 68 90 44 66 54 100 42 2 26 42 48 72 10 36 64 32 34 42 22 12 70 60 34 50 72 34 24 38 94 26 26 68 74 26 24 64 40 64 48 72 80 80 4 6 94 20 16 60 14 98 36 86 92 74 52 72 10 46 90 58 14 20 42 4 94 38 76 68 40 66 8 70 20 10 86 76 2 46 10 52 80 4 16 56 40 92 4 54
100 92 96 78 24 32 22 6 4 76 74 88 68 50 28 36 88 42 26 8 40 96 76 10 70 38 22 90 98 20 74 64 16 100 78 40 70 44 18 68 16 18 98 40 36 64 2 28 54 38 40 84 78 52 76 50 94 92 90 92 46 40 26 90 8 86 28 70 34 74 50 4 84 42 48 88 40 2 56 76 96 64 42 32 36 34 80 24 36 4 12 42 16 88 50 66 86 22 4 32 68
100 68 84 44 20 26 52 6 70 50 6 68 50 10 44 92 36 92 86 90 18 62 36 44 36 62 68 66 96 86 66 62 60 60 80 70 50 24 54 26 70 84 78 20 6 76 84 6 52 70 6 24 76 64 84 74 94 100 78 20 24 58 60 10 46 2 84 90 24 72 18 64 64 56 82 70 32 26 98 88 66 74 26 28 96 92 24 20 72 56 92 76 16 72 10 66 58 62 22 34 36
100 16 100 36 36 42 2 6 78 82 98 14 56 20 16 10 30 26 96 34 22 6 12 2 4 58 74 30 74 40 62 98 80 92 4 30 14 74 96 50 90 94 42 34 78 86 28 48 92 76 66 40 66 48 60 76 38 4 84 42 100 100 74 98 14 78 60 38 50 86 60 66 82 20 58 32 96 30 46 20 98 100 98 74 68 4 98 96 18 40 70 84 6 32 40 100 98 38 4 42 60
100 66 6 16 56 52 94 42 60 64 62 100 48 76 12 30 46 68 26 98 40 36 10 78 2 94 64 52 64 10 12 92 12 96 62 46 78 16 14 56 54 84 90 48 54 50 54 92 94 94 8 12 90 54 86 12 4 86 20 42 56 36 92 72 76 54 96 58 50 24 54 46 30 52 62 100 60 26 68 4 36 60 82 62 72 94 94 46 58 74 42 88 74 10 4 20 94 70 72 68 6
100 10 16 70 32 92 44 62 64 18 96 62 68 52 24 34 80 38 64 56 40 92 100 60 52 82 4 38 32 86 14 12 86 40 98 6 14 54 90 6 10 74 84 84 72 58 96 66 24 58 62 68 68 16 96 64 86 8 94 82 84 36 10 16 38 76 74 96 46 72 70 6 62 60 62 76 98 18 74 4 44 50 8 32 34 66 18 44 42 16 96 12 42 86 44 50 20 38 54 24 80
100 38 88 98 46 78 2 38 100 100 94 20 26 70 12 6 32 50 14 8 66 38 64 80 70 72 100 42 34 60 56 24 14 36 26 64 6 72 28 100 98 28 88 6 68 8 24 96 56 68 40 32 22 8 10 94 68 60 32 56 6 50 24 20 50 66 54 62 96 10 100 40 94 8 62 66 92 10 84 60 36 24 98 58 26 38 76 30 80 2 92 76 22 26 20 10 46 100 30 20 38
100 50 92 86 96 76 24 26 86 38 10 34 74 88 72 68 32 4 8 12 4 70 34 4 10 48 26 100 36 90 64 12 88 64 48 86 50 50 42 40 24 68 76 68 54 32 68 70 70 2 36 58 6 88 58 52 66 24 10 78 78 26 44 38 70 84 22 96 20 60 90 84 40 90 52 62 40 10 86 22 62 98 48 18 38 78 50 26 30 92 64 92 16 52 16 90 76 52 74 92 70
100 56 52 20 90 62 82 94 64 6 70 30 58 10 44 68 48 64 56 98 68 16 94 42 46 76 12 76 16 32 92 88 76 70 84 96 38 40 86 74 98 90 42 22 32 42 74 8 40 22 8 66 94 30 96 100 74 42 88 38 38 38 28 46 24 26 88 24 6 84 80 76 54 92 90 20 24 76 58 30 48 76 26 18 2 86 80 86 42 10 96 74 6 100 18 30 66 82 54 12 32
100 52 2 74 4 16 42 50 82 40 98 22 40 2 96 64 10 34 22 68 20 74 66 72 36 32 82 64 76 4 10 26 34 60 62 34 32 76 50 4 58 68 74 58 86 38 30 80 32 90 68 94 30 36 42 22 34 24 38 94 82 100 22 16 26 74 6 70 44 80 48 36 70 32 56 90 44 54 100 78 66 70 86 74 2 54 82 88 28 50 44 26 100 98 58 70 26 58 90 74 30
100 30 16 68 94 20 18 78 84 48 68 68 4 26 66 64 58 6 64 100 18 10 56 84 26 54 30 40 88 54 48 84 60 50 84 16 84 58 84 14 50 48 30 80 44 74 90 26 92 38 8 90 46 40 56 92 46 72 30 50 18 52 36 38 94 48 98 40 16 84 86 98 4 42 94 50 90 66 84 44 8 48 32 92 42 86 4 90 54 100 34 28 32 90 6 98 88 90 30 94 4
100 62 98 40 6 96 14 68 38 12 70 72 94 50 2 2 14 4 96 28 54 2 44 14 90 68 52 46 26 8 8 68 12 6 62 84 44 6 84 38 42 4 58 86 14 58 20 88 94 58 4 42 64 78 66 12 44 74 12 82 16 84 54 64 22 50 100 12 80 14 26 92 56 24 60 60 16 10 90 46 76 74 8 6 40 62 70 16 48 22 20 42 36 78 54 58 18 54 90 54 32
100 42 48 2 62 14 42 84 6 94 18 80 10 42 50 66 26 10 96 32 24 26 68 6 76 86 60 42 78 46 12 58 20 46 40 16 6 62 24 64 8 68 44 80 84 68 96 80 30 20 76 34 86 12 70 14 2 32 88 14 20 76 4 42 44 2 14 8 32 80 64 22 72 4 76 86 56 100 30 86 92 64 92 64 6 54 88 76 74 34 56 70 46 94 8 60 62 14 58 90 54
100 24 82 18 86 38 36 68 8 56 36 66 24 52 60 40 66 88 2 8 92 98 94 98 2 60 60 74 70 70 52 26 50 76 72 20 78 56 26 44 58 40 36 6 20 36 6 50 6 100 46 68 14 34 50 30 82 92 36 30 54 66 64 86 42 22 36 84 66 30 14 66 24 56 2 58 44 6 94 86 38 18 12 98 74 8 100 6 70 10 22 4 72 38 98 8 86 62 8 46 34
100 94 54 26 20 50 64 2 96 70 94 14 14 58 98 8 48 76 36 26 66 94 34 36 96 92 16 6 76 34 6 28 12 40 86 54 34 82 62 86 82 84 88 32 62 18 78 26 26 50 42 90 50 84 76 78 40 76 80 38 58 26 88 60 52 76 30 44 32 88 24 94 38 98 96 74 58 12 28 42 26 2 4 66 78 74 36 92 6 4 48 70 22 40 98 60 36 60 8 44 100
100 90 58 96 18 58 84 62 66 34 18 50 34 70 54 20 40 68 80 100 14 100 100 48 42 84 18 94 64 86 78 74 30 10 48 46 28 66 80 60 42 62 84 86 28 86 72 16 34 34 68 4 54 12 16 62 36 80 20 54 90 24 92 18 44 38 62 4 12 40 82 96 52 92 38 80 98 84 56 36 8 94 36 98 88 26 38 76 66 36 96 92 52 50 58 90 66 6 84 62 34
100 52 70 90 46 2 40 90 64 22 50 94 60 6 24 42 18 62 74 40 20 64 70 60 80 20 40 18 80 14 98 74 30 94 22 48 86 28 88 92 70 22 64 82 100 40 32 46 94 16 92 32 14 2 76 80 10 80 4 54 88 94 54 4 96 92 98 82 34 8 8 42 92 88 86 72 36 70 96 16 28 48 42 26 12 66 14 64 52 4 12 94 100 50 12 94 32 58 94 50 8
100 94 60 6 14 56 50 46 70 66 88 62 70 86 36 22 86 52 76 74 44 14 30 2 26 76 82 14 86 80 78 4 56 14 74 26 2 54 32 66 24 20 52 44 22 72 94 64 100 4 10 62 34 34 54 26 20 24 64 68 70 88 36 52 48 76 100 74 6 82 56 78 70 96 62 34 10 54 96 30 26 28 56 68 90 16 30 16 18 66 62 84 6 34 94 92 48 74 90 36 34
100 94 60 62 34 18 24 44 94 10 58 34 56 84 90 78 4 20 66 64 54 46 40 12 28 100 82 42 72 50 48 26 36 14 70 58 72 58 86 36 72 88 64 52 54 78 2 78 56 40 16 4 84 52 50 46 62 14 82 92 82 14 94 50 62 80 50 16 68 56 88 86 48 86 100 34 34 26 4 16 72 84 34 48 12 88 56 54 80 24 48 66 68 96 56 86 14 20 46 60 76
100 28 48 30 36 12 42 80 8 16 62 74 62 74 74 86 80 56 74 72 42 26 48 58 82 18 88 98 88 14 88 34 28 76 28 88 80 84 44 96 18 80 52 12 28 52 50 82 42 78 8 10 14 40 68 28 42 94 4 74 94 72 80 10 10 44 10 60 72 56 82 50 48 22 66 16 48 50 8 38 66 22 14 80 56 4 66 84 12 80 60 58 28 74 88 96 100 70 56 88 16
100 8 86 26 80 60 60 58 90 52 66 90 2 54 88 34 44 56 88 90 10 62 38 84 72 98 46 62 86 2 48 32 46 4 80 22 88 88 18 24 34 92 36 100 32 36 76 100 22 4 50 98 18 70 26 88 98 86 98 6 94 30 72 70 32 78 30 96 60 10 36 12 90 24 90 82 94 96 4 56 86 96 98 94 86 90 40 58 82 18 2 90 60 52 68 14 20 30 66 40 68
100 98 28 78 94 16 50 2 6 58 20 92 62 36 36 38 22 42 82 94 76 40 28 44 76 72 4 26 78 28 56 10 84 2 28 90 54 32 84 28 12 68 40 16 26 16 62 92 38 14 46 4 88 62 48 48 6 74 10 8 12 62 16 12 82 84 82 68 72 24 52 96 8 8 4 92 36 78 86 30 2 8 4 38 36 2 68 50 26 24 44 36 82 28 8 58 36 42 46 60 48
100 76 78 24 42 30 6 10 40 40 86 4 94 60 76 44 80 42 70 22 52 86 48 88 30 82 54 8 90 48 20 52 90 24 30 24 20 88 74 74 62 40 4 26 24 50 74 70 54 52 14 78 74 60 56 56 76 66 68 58 60 86 58 96 90 8 6 90 34 90 64 66 8 34 58 86 54 66 24 14 4 30 58 46 52 8 80 70 74 44 18 42 46 18 16 88 62 60 4 14 46
100 44 70 56 74 90 68 30 80 80 56 20 96 20 8 92 38 92 18 64 52 14 14 70 76 58 50 66 98 100 18 64 22 80 24 28 4 10 78 48 70 2 52 24 64 18 74 54 90 86 30 54 74 22 34 34 80 4 76 26 36 34 4 86 72 62 66 14 10 34 50 82 6 10 86 60 32 66 18 62 74 32 40 12 64 90 32 14 88 78 2 84 72 82 70 60 62 96 78 26 90
100 42 56 60 64 80 90 54 36 2 52 64 94 4 50 88 50 90 60 22 36 56 20 84 88 46 46 54 30 60 26 62 62 32 50 48 44 76 100 6 58 92 96 58 90 24 42 94 80 66 94 12 34 84 74 58 40 68 96 54 10 74 20 6 76 64 20 18 16 82 24 6 16 86 94 6 64 18 18 18 38 38 86 50 66 22 20 22 74 18 74 92 44 58 36 6 36 32 68 2 38
100 16 78 28 14 74 78 36 38 92 66 92 10 84 14 96 52 50 42 64 78 82 40 86 18 28 40 90 94 52 24 64 86 4 32 100 94 82 48 40 14 26 82 58 84 56 8 20 20 2 36 76 84 2 28 90 86 42 48 70 2 20 68 40 10 50 12 4 98 10 82 78 94 20 58 44 10 72 82 96 10 96 26 56 2 58 80 80 52 4 8 54 46 64 36 88 48 10 62 30 84
100 62 56 42 98 96 86 46 46 18 40 40 48 44 40 14 84 52 30 66 54 34 88 42 30 98 78 20 2 18 46 34 28 84 64 30 34 82 48 50 88 88 32 10 54 44 50 24 18 36 42 84 50 96 42 96 94 56 34 16 22 78 98 22 22 38 4 8 68 4 84 30 94 48 56 86 32 78 22 42 46 2 82 76 16 74 98 96 22 48 44 50 54 58 32 42 74 36 12 100 90
100 60 58 40 84 20 58 64 86 94 34 80 72 62 100 52 46 52 48 80 58 32 14 76 96 56 14 26 6 62 72 24 66 26 2 64 52 2 12 86 12 32 98 8 94 78 78 78 52 54 4 8 6 12 44 84 34 58 88 100 4 36 70 38 72 34 62 22 84 30 22 4 14 66 78 78 50 14 18 40 20 26 76 52 92 60 42 42 24 54 88 10 50 6 56 88 60 10 100 20 56
100 64 12 30 32 82 8 58 4 56 34 78 38 18 52 30 60 52 32 20 48 12 58 82 68 74 98 58 8 8 10 58 30 52 16 20 42 60 76 26 30 62 8 20 70 28 20 70 52 68 68 100 50 58 42 94 42 96 4 80 70 68 4 88 4 72 96 14 2 80 50 44 42 76 96 88 90 40 32 92 78 28 50 30 32 20 66 56 12 40 44 52 30 16 70 36 10 50 46 88 54
100 38 40 100 88 72 6 58 86 72 34 50 64 28 84 18 66 16 60 76 28 10 44 10 70 46 78 56 2 66 6 36 74 2 98 48 62 28 20 86 84 80 10 52 64 26 88 24 2 14 44 12 78 58 54 44 30 18 2 2 90 72 42 50 94 70 92 46 16 30 20 28 68 60 82 60 46 82 90 26 10 22 86 58 60 38 60 62 2 54 18 2 12 40 50 64 60 76 18 24 22
100 10 92 18 44 6 92 50 64 52 74 76 80 38 10 84 86 38 40 70 98 6 54 14 24 38 8 4 100 18 74 60 16 94 24 18 60 18 18 8 92 34 64 16 62 60 8 6 4 4 12 18 56 52 50 6 56 78 38 32 6 4 60 86 16 22 4 56 74 54 36 46 36 92 66 36 16 14 84 94 86 40 56 36 70 28 20 12 52 42 40 4 38 48 58 48 6 84 96 44 10
100 30 10 64 92 100 78 76 34 60 86 14 72 12 20 54 48 30 44 24 52 60 78 84 2 90 66 16 36 2 32 14 14 80 60 4 90 14 84 30 50 58 90 14 26 42 4 26 98 66 60 24 54 60 58 54 12 6 8 44 10 94 8 70 30 66 78 20 8 42 54 26 28 68 22 62 42 22 28 30 82 92 46 8 44 58 28 34 48 36 16 4 46 100 88 34 52 72 24 26 84
100 36 44 6 64 68 42 36 90 60 62 8 98 48 96 78 50 6 32 44 62 4 68 72 16 68 52 60 42 72 56 14 48 72 78 44 20 16 84 8 28 14 60 54 38 46 36 18 80 36 56 14 72 94 64 12 54 48 42 70 78 12 12 46 14 2 90 44 34 80 54 6 44 20 22 22 56 60 90 52 92 30 78 4 66 72 78 22 82 18 70 18 8 40 92 86 44 52 62 82 32
100 58 62 88 96 90 100 78 36 88 60 8 40 64 78 70 50 44 88 10 4 96 46 32 42 80 72 20 64 36 72 90 44 86 20 8 6 40 64 20 48 78 18 38 72 28 84 84 48 78 18 12 46 82 52 82 90 14 56 100 92 76 66 8 100 12 16 24 12 62 30 24 14 70 100 88 88 50 18 28 44 30 6 6 52 24 40 78 44 68 40 40 78 14 46 46 52 70 18 62 32
100 66 96 88 90 96 92 78 22 84 6 36 74 14 12 16 32 70 2 32 44 18 16 94 16 82 50 72 86 72 90 84 82 10 56 36 18 82 98 84 82 18 84 98 98 100 38 54 64 48 48 80 36 44 76 14 98 30 10 98 28 46 82 80 72 80 98 6 48 6 64 66 22 72 56 82 64 14 66 98 10 14 46 84 48 34 26 44 74 36 96 30 38 100 4 98 36 94 54 94 80
100 16 22 6 80 26 38 100 12 4 20 2 44 4 58 2 58 52 100 20 92 80 78 22 90 20 62 20 18 56 66 92 60 84 58 30 32 78 86 24 30 2 14 76 52 20 28 32 42 72 94 62 72 82 54 6 56 90 22 98 38 92 62 94 100 34 14 48 56 68 70 66 80 48 72 60 4 34 64 24 16 66 54 10 34 18 36 72 64 64 26 32 76 52 18 76 94 54 66 44 66
100 4 78 88 66 52 74 98 16 60 96 56 64 62 32 44 62 78 66 34 58 42 40 20 44 10 72 60 72 64 16 76 74 82 94 50 30 60 10 10 56 96 38 92 94 48 56 92 18 94 6 100 66 4 54 34 46 36 54 46 90 10 16 68 80 4 38 10 16 96 60 94 14 28 8 60 24 86 34 12 10 30 28 8 10 28 14 76 18 70 72 20 22 14 24 10 6 26 10 38 28
100 94 38 28 80 44 96 44 70 20 70 22 96 88 74 92 44 2 20 98 18 48 78 18 44 14 28 100 94 34 18 76 64 2 44 54 80 52 60 4 34 14 22 52 94 40 38 30 36 12 70 20 6 26 88 86 76 34 92 30 88 68 38 12 34 2 96 90 44 20 100 84 92 58 64 76 74 64 12 52 42 80 60 8 56 78 28 6 82 26 78 78 80 18 64 62 26 68 100 42 34
100 46 66 16 88 2 14 38 4 100 18 80 90 26 6 26 96 96 28 36 48 70 46 60 88 8 38 36 34 84 60 56 48 98 32 2 46 50 44 100 60 92 80 92 64 74 98 64 50 98 96 58 76 84 76 72 82 4 48 68 44 42 50 44 12 32 74 44 30 100 76 62 66 88 60 74 92 32 44 82 68 74 88 68 52 58 14 96 36 20 82 62 6 26 58 80 82 68 16 18 48
100 90 98 68 42 26 86 50 28 18 24 52 4 80 48 84 100 82 64 96 100 82 94 24 82 2 58 24 52 34 94 44 14 20 82 78 52 42 24 40 30 30 94 40 28 30 56 32 36 6 10 84 60 80 78 62 82 20 100 84 38 30 100 56 50 74 82 12 100 78 2 74 40 36 70 100 18 88 88 20 96 40 50 2 36 78 46 68 24 64 96 76 54 96 50 48 26 74 84 72 98
100 4 50 18 56 50 90 100 98 34 32 14 34 22 2 2 50 34 24 88 70 72 94 72 34 84 8 36 64 32 34 58 46 62 40 92 4 54 68 42 58 84 88 18 34 76 14 86 14 30 36 6 20 4 68 98 20 72 92 92 54 30 8 38 8 36 62 96 26 20 76 4 52 8 46 48 84 16 64 22 36 22 88 14 38 74 58 12 30 56 92 2 46 2 36 36 80 36 46 68 72
100 24 24 84 78 10 86 92 52 70 24 68 68 38 12 30 62 46 58 88 4 74 24 24 38 2 14 46 70 78 96 62 62 24 42 50 26 60 50 32 12 100 6 40 48 100 84 70 80 20 26 2 42 76 70 62 44 46 10 60 96 88 54 12 92 82 56 14 8 10 30 8 80 50 46 18 90 10 92 70 98 68 2 94 80 72 14 6 98 38 76 8 62 56 28 10 52 2 48 12 12
100 80 28 80 64 52 24 26 60 42 34 70 48 68 100 80 26 46 28 58 76 44 52 6 62 64 56 52 2 30 84 12 66 88 58 44 16 38 48 30 18 10 18 14 90 14 4 40 58 96 58 82 74 50 94 98 72 64 10 80 28 68 52 34 30 38 2 12 40 4 72 4 40 40 92 2 16 24 34 68 12 48 30 84 72 96 66 58 12 100 76 2 100 46 8 42 94 42 88 94 76
100 24 92 30 4 82 52 30 96 28 12 92 38 64 22 46 64 16 42 38 82 28 88 66 74 62 98 38 6 96 48 18 28 80 20 90 88 10 88 34 2 34 64 24 8 34 36 6 70 50 98 80 24 32 2 22 92 48 94 96 44 82 48 98 34 64 24 40 20 90 12 92 70 98 78 74 82 50 74 6 70 58 78 50 16 40 80 36 64 32 74 22 34 84 48 100 4 18 20 50 78
100 68 2 40 58 24 88 96 56 90 82 34 8 98 74 94 90 38 42 88 94 58 80 24 18 34 84 92 18 8 96 14 46 14 70 4 26 60 54 84 68 64 48 62 10 70 20 72 38 46 50 72 94 50 46 98 92 78 64 84 82 22 42 66 16 6 80 50 42 70 26 76 62 16 100 16 92 38 60 4 54 22 10 36 20 88 48 50 98 28 30 70 10 100 88 48 8 28 36 76 76
100 90 36 6 4 78 48 50 46 38 70 72 42 52 62 34 70 82 78 20 22 90 52 68 18 54 50 4 16 62 8 34 48 74 86 28 26 100 78 66 30 48 30 64 34 8 60 10 22 20 86 44 26 52 78 4 28 54 16 76 82 94 96 32 30 78 64 84 58 8 86 76 24 28 94 26 10 88 8 94 70 52 60 92 60 28 70 6 64 72 4 26 16 60 6 100 72 48 24 52 38
0
