100 84 8 36 36 98 30 54 50 6 34 84 76 70 64 24 20 54 74 18 36 42 50 90 2 84 34 22 86 48 46 34 56 4 74 88 86 30 2 90 68 100 88 72 34 62 24 54 2 54 18 6 80 20 96 68 84 72 60 94 20 10 84 4 88 66 92 80 34 14 78 38 34 42 24 16 98 28 6 18 28 62 34 8 52 12 96 10 20 64 78 26 74 22 86 26 44 72 12 28 12
100 22 66 18 56 96 80 8 44 78 62 100 78 74 36 54 42 56 36 88 26 40 46 80 50 12 40 36 92 38 92 48 64 78 54 80 44 100 28 78 100 64 80 60 66 88 90 18 20 78 34 12 68 70 82 96 80 38 42 68 14 92 84 78 70 100 84 52 30 90 98 20 98 96 64 48 74 40 76 14 24 82 22 24 78 8 42 22 72 58 80 98 70 12 2 22 88 46 50 88 18
100 64 18 14 92 48 66 64 80 98 58 18 16 34 36 86 88 84 64 12 98 70 2 16 6 70 4 58 36 48 62 84 56 58 4 38 26 36 16 94 72 84 8 84 4 90 10 84 44 74 28 40 48 74 2 70 46 14 68 66 24 12 44 12 16 88 42 2 98 18 92 80 28 2 56 70 70 28 92 30 98 60 62 90 20 50 2 46 26 14 22 20 92 60 88 48 32 94 76 78 42
100 22 52 38 52 64 12 34 30 48 58 80 20 20 48 76 78 22 68 38 32 100 38 90 80 8 20 14 80 90 66 24 88 54 60 18 76 38 2 54 28 60 26 18 78 94 60 46 54 12 12 100 66 12 12 34 56 72 76 58 50 64 60 96 76 52 92 38 90 92 44 10 40 38 54 10 42 82 38 6 36 46 44 32 24 34 72 36 68 56 20 14 4 42 36 80 20 64 34 56 58
100 70 44 62 88 82 8 68 14 14 34 58 20 84 62 86 86 58 14 78 30 38 30 86 26 76 82 44 92 38 82 38 62 92 22 4 54 60 44 4 38 70 50 56 22 70 80 46 50 76 82 42 18 98 84 82 50 84 68 18 96 66 16 46 88 38 42 14 34 96 38 4 80 46 58 70 16 10 50 24 78 34 78 40 34 52 98 16 84 12 2 100 62 90 12 24 24 90 32 94 90
100 34 44 98 6 96 72 74 84 94 100 96 6 28 54 24 62 44 60 6 66 28 86 56 76 54 54 44 48 10 34 50 74 18 6 96 66 80 50 98 100 78 88 4 96 70 4 44 38 58 62 78 82 52 92 18 64 12 30 12 42 16 4 18 80 66 16 62 2 30 58 66 4 74 54 46 38 70 78 70 72 90 100 80 2 86 2 56 4 38 36 10 96 80 56 86 34 44 32 66 80
100 10 36 14 50 8 22 68 24 62 74 100 22 48 86 26 30 58 68 48 76 64 70 10 12 20 44 54 60 44 30 94 14 52 24 2 82 6 78 96 36 8 88 42 64 92 42 76 14 94 28 36 46 50 90 70 76 58 16 2 2 32 16 90 58 98 8 76 80 44 34 34 16 76 16 48 56 72 50 92 78 78 24 92 60 26 18 6 66 38 54 86 62 52 66 14 70 82 20 24 2
100 42 48 78 54 92 74 10 4 26 84 88 52 62 50 34 90 10 90 72 20 54 56 42 38 8 18 84 58 40 46 88 42 72 34 88 6 68 72 28 100 72 98 52 84 32 62 4 82 70 32 78 60 34 46 18 72 76 14 12 22 52 70 62 48 68 14 76 72 74 98 18 26 28 38 94 62 90 40 100 18 14 6 44 66 18 76 6 22 46 72 76 56 86 94 60 80 96 22 46 10
100 40 24 22 68 16 72 2 94 52 94 28 86 44 90 50 52 42 28 88 78 70 38 68 64 46 86 70 86 98 86 80 22 40 94 40 58 70 36 78 16 78 70 82 90 40 80 16 74 88 100 44 46 68 32 14 26 100 42 78 68 18 50 18 44 24 84 88 2 36 36 94 92 4 36 60 48 60 64 16 12 14 2 70 66 100 88 60 74 10 78 2 70 24 32 36 94 86 64 26 82
100 32 44 80 74 4 58 50 64 10 24 58 92 24 20 10 50 18 16 84 64 98 80 62 34 38 66 8 28 36 48 12 42 8 76 40 64 32 100 92 86 40 10 8 26 20 98 76 68 74 54 34 94 70 48 84 26 42 56 56 90 100 18 28 74 42 78 54 54 50 4 66 94 94 42 48 90 62 8 38 90 30 82 66 76 26 94 16 26 70 46 2 80 96 26 22 98 12 58 72 82
100 26 8 46 82 76 12 30 12 82 18 94 30 94 24 56 68 94 40 68 64 66 66 62 6 4 62 18 88 12 92 54 18 16 84 82 64 72 44 8 26 56 100 4 32 50 46 78 92 6 28 8 72 20 50 94 14 66 2 48 24 46 40 50 70 60 60 92 78 16 24 50 14 82 54 4 36 94 20 26 58 20 28 40 60 24 48 26 86 82 74 78 58 78 4 16 18 6 10 2 54
100 40 78 66 2 36 18 14 60 32 6 16 8 100 58 38 32 16 42 34 2 34 56 68 16 48 10 64 70 46 8 82 16 54 74 82 70 26 10 34 54 70 38 94 40 38 28 98 26 90 40 24 80 72 30 14 78 22 34 70 60 16 34 60 64 6 36 30 40 68 20 78 24 92 92 22 82 54 58 20 76 28 38 86 74 76 88 98 80 56 50 96 76 36 40 32 84 74 32 56 94
100 74 16 16 40 54 18 84 56 56 4 66 4 14 100 14 82 96 54 52 42 34 42 78 98 66 68 4 36 94 86 54 6 14 16 56 92 18 80 48 46 44 54 96 48 42 20 70 16 2 92 62 100 60 12 14 100 58 36 84 20 54 60 30 26 30 44 8 60 80 46 60 10 28 48 46 34 84 92 24 62 98 72 32 4 42 10 24 12 82 76 44 46 86 92 100 4 28 80 4 10
100 16 82 36 20 40 36 74 66 62 84 96 22 38 80 40 26 50 80 30 76 78 44 14 6 30 38 54 30 58 52 78 8 68 86 12 36 2 76 36 78 28 10 98 12 82 62 64 84 58 12 18 16 80 36 50 98 76 46 30 6 72 10 4 70 30 22 84 66 54 88 76 30 4 94 66 76 100 42 80 100 44 60 48 42 26 44 42 8 32 42 12 48 40 58 46 62 32 8 42 8
100 54 44 10 78 14 22 10 62 40 76 26 34 94 70 34 38 48 16 68 70 22 62 18 6 50 44 82 56 56 8 30 42 36 2 10 70 6 6 84 30 34 82 34 48 80 6 42 76 30 54 10 62 74 92 70 24 30 20 40 48 28 20 8 54 6 90 26 18 18 28 74 78 94 82 16 68 76 8 46 24 10 96 20 72 50 8 10 100 32 98 88 90 58 88 50 50 32 66 22 36
100 62 22 100 14 56 18 92 38 26 36 28 80 50 4 36 88 32 58 8 16 82 16 40 86 52 60 60 78 36 52 38 10 54 70 32 44 68 76 96 82 26 28 74 50 20 76 10 10 98 14 40 70 36 26 84 18 72 76 74 36 16 40 34 98 78 64 68 64 40 78 90 92 58 94 38 14 14 100 24 98 20 100 94 64 28 24 54 50 16 36 20 18 34 38 64 28 70 94 48 58
100 54 42 58 92 64 38 6 74 50 8 52 18 4 64 80 12 74 74 52 70 24 96 76 36 62 28 48 10 14 84 96 14 4 62 18 80 10 88 76 16 78 90 74 60 72 32 34 26 40 40 98 62 62 34 82 98 48 62 66 74 44 22 48 88 42 44 84 42 80 94 56 92 40 100 12 66 24 10 10 40 80 82 36 94 86 28 40 38 40 44 38 54 84 36 32 64 80 28 38 64
100 84 58 60 66 20 28 72 64 42 92 48 28 60 36 50 84 40 90 22 10 86 76 46 2 86 100 92 4 64 90 76 46 40 46 36 38 100 70 38 40 98 2 32 74 10 66 34 60 68 2 28 12 74 8 26 12 68 80 8 70 26 86 8 74 58 50 46 62 10 36 34 78 64 26 100 22 98 74 34 54 30 10 48 46 66 50 62 64 72 36 70 40 82 74 78 2 12 48 80 4
100 2 50 82 56 26 72 32 92 32 14 30 66 92 68 36 38 58 24 70 12 56 22 44 98 94 18 14 16 10 74 80 40 24 10 50 54 24 60 80 34 24 60 86 76 60 40 78 82 84 58 18 24 30 100 84 96 36 10 96 2 64 30 34 66 62 50 36 32 44 98 88 10 10 28 30 30 4 70 96 50 18 58 90 100 4 20 50 42 36 28 74 94 2 48 88 14 68 80 30 96
100 20 58 80 68 34 38 40 94 58 40 30 14 42 62 70 28 86 38 80 48 58 82 82 94 4 76 38 50 16 56 40 80 48 16 44 38 54 52 56 98 96 88 28 42 84 6 78 42 66 28 44 4 50 66 76 10 12 92 30 100 66 58 34 66 86 64 44 16 80 40 20 40 2 32 34 30 94 50 66 24 72 22 52 62 52 42 4 38 48 6 56 20 88 74 100 84 46 70 74 40
100 74 2 50 98 20 76 50 90 92 54 20 74 38 86 42 54 2 24 18 28 30 8 10 84 60 72 26 16 10 86 52 66 34 36 36 84 86 24 46 8 44 20 34 38 30 36 86 34 18 4 80 16 42 36 24 82 46 40 32 18 10 34 72 40 16 86 74 80 12 64 96 6 46 12 56 54 50 12 58 96 74 30 6 82 76 16 66 46 84 98 60 40 58 92 74 44 46 26 74 2
100 38 64 72 60 54 38 44 32 6 80 78 54 2 12 62 58 12 94 66 78 76 74 68 68 14 62 18 48 94 92 8 52 36 48 48 20 70 58 84 84 46 30 36 34 86 6 68 54 6 2 12 40 76 48 28 72 30 22 82 52 66 14 60 56 58 14 64 78 12 60 44 54 64 20 4 64 44 36 74 8 96 10 94 30 2 14 78 52 28 88 72 30 56 10 2 38 82 74 10 74
100 98 94 2 16 92 72 48 72 40 22 10 8 62 24 38 6 56 48 26 48 48 54 26 30 94 100 40 46 78 76 8 18 46 76 68 84 42 22 64 96 38 66 10 36 36 4 46 2 74 64 28 44 20 52 88 32 66 60 54 80 88 58 26 60 16 94 70 92 58 16 90 58 46 58 16 20 64 66 24 10 66 24 38 86 52 70 38 52 58 92 78 30 40 54 32 62 90 20 60 10
100 50 34 34 62 68 18 22 48 36 82 74 26 38 14 70 28 54 34 54 10 24 74 64 84 26 54 48 76 42 12 4 68 28 42 36 22 86 68 14 54 40 22 20 66 42 14 48 96 26 12 78 2 12 70 96 88 64 56 96 4 60 22 12 2 76 42 82 18 100 34 96 22 16 46 58 64 86 48 96 42 50 46 48 70 54 58 48 100 12 20 18 56 82 66 6 14 2 96 18 92
100 86 22 100 58 94 8 12 80 24 36 78 68 100 22 82 64 90 58 46 12 2 50 84 18 24 58 94 62 8 74 38 72 18 4 60 24 60 96 56 66 30 24 34 92 84 28 44 98 76 40 38 56 62 80 56 2 36 38 62 92 64 42 72 58 54 16 80 12 20 96 50 48 18 46 34 46 92 2 40 100 40 96 78 46 30 46 76 16 50 66 48 94 52 4 24 72 50 48 70 36
100 88 64 34 62 36 90 78 94 88 2 80 14 74 70 18 42 20 54 50 46 92 46 78 16 38 58 70 18 28 10 46 46 76 72 20 90 44 76 68 86 46 8 70 12 74 68 56 82 42 100 96 60 98 22 6 68 82 2 28 70 42 58 28 30 16 46 28 6 58 52 88 70 18 24 82 20 24 8 72 36 48 46 34 16 20 26 24 10 44 100 90 50 22 62 10 10 28 6 20 94
100 46 82 20 22 48 78 36 16 54 56 54 72 18 60 4 86 50 8 98 42 38 78 6 40 36 36 92 4 8 70 8 68 14 2 16 62 52 70 68 48 86 10 84 42 30 88 46 28 4 50 78 50 56 28 80 6 86 38 36 32 48 50 46 56 76 30 40 56 44 80 46 8 64 74 58 4 88 66 70 54 92 76 66 48 26 24 20 52 44 4 66 54 14 52 8 54 2 80 100 64
100 66 76 76 8 96 100 88 34 32 2 72 48 64 72 42 20 30 82 40 2 60 84 60 72 4 22 78 2 56 46 28 42 38 24 28 62 34 78 98 82 74 10 48 82 34 86 50 22 12 90 92 94 76 12 62 16 36 86 6 22 80 20 90 100 50 10 22 92 50 74 68 98 44 4 88 26 8 72 36 14 28 32 26 62 60 48 2 100 94 58 98 20 98 6 10 60 8 80 28 40
100 100 100 40 2 38 78 98 100 98 24 42 22 14 12 2 66 96 22 52 98 78 48 100 24 26 44 26 98 2 86 34 22 44 14 42 88 42 38 78 74 42 44 20 58 6 80 84 86 96 64 24 2 40 82 42 26 8 98 44 62 6 72 94 94 96 34 94 98 92 78 44 4 40 70 48 14 92 6 88 40 26 40 18 22 58 30 52 12 14 8 34 34 8 70 16 72 44 90 16 24
100 84 30 38 40 26 94 72 56 98 52 100 62 20 4 36 58 92 52 24 100 50 94 78 34 42 42 84 56 30 6 12 18 20 46 2 60 90 72 70 72 82 74 54 52 36 90 62 96 78 70 16 86 74 34 34 2 56 94 16 64 10 46 86 66 66 38 54 72 12 78 92 10 48 54 88 98 42 42 22 62 34 82 48 34 68 68 98 18 40 16 16 64 42 80 36 46 86 10 20 76
100 100 92 74 56 30 66 36 42 20 44 74 44 46 20 36 52 90 18 74 52 84 68 44 56 38 84 68 66 32 50 28 10 16 92 50 8 2 32 10 60 74 28 76 98 28 26 40 54 100 20 14 72 100 26 98 32 62 46 60 42 68 100 76 82 20 80 96 36 28 52 36 22 38 42 96 60 32 18 80 90 64 22 36 92 56 36 34 94 38 72 16 24 24 96 22 62 2 22 90 74
100 28 30 26 18 70 74 32 6 8 82 58 96 38 96 56 30 18 50 82 30 50 96 70 44 32 64 92 8 66 12 56 82 30 34 66 18 60 34 38 96 90 54 38 66 74 60 76 52 84 36 28 50 30 100 16 70 96 84 40 58 72 14 24 46 96 72 90 92 86 4 50 2 40 98 4 18 40 72 26 12 50 88 48 34 50 68 6 44 84 22 84 8 38 72 60 82 84 76 100 14
100 82 36 92 70 64 24 46 66 32 50 28 70 14 4 38 18 30 48 82 84 92 56 98 56 90 62 32 72 2 76 10 28 56 90 100 58 52 60 68 40 40 42 28 76 24 6 76 100 44 76 60 64 44 48 14 24 48 44 40 32 56 64 98 56 26 60 22 48 72 50 80 38 30 98 54 86 62 20 70 62 20 16 52 6 76 100 94 74 44 10 62 8 58 18 12 20 70 70 32 6
100 12 76 56 56 8 62 86 54 12 38 74 32 80 62 38 58 12 100 76 20 30 68 32 10 94 48 6 84 66 96 42 22 8 28 6 66 58 50 52 12 74 82 90 30 84 48 20 90 4 96 86 78 60 10 98 82 22 32 12 38 20 62 58 4 4 62 80 12 40 44 98 24 60 32 66 6 62 18 94 74 64 20 6 24 70 28 90 36 42 2 80 22 28 22 34 6 64 68 88 88
100 76 82 8 22 4 90 34 94 70 52 30 66 70 18 28 64 70 12 74 82 54 98 74 50 6 92 74 96 34 56 72 100 94 90 12 76 78 36 92 56 46 72 38 38 62 18 70 24 28 36 52 98 48 46 64 84 60 56 28 38 60 38 44 72 92 100 42 38 76 50 68 26 48 4 78 88 56 82 82 14 58 48 54 76 32 84 74 72 20 58 32 52 98 68 86 54 66 56 36 38
100 32 10 36 14 12 38 56 36 84 88 42 84 60 100 6 28 56 84 62 46 62 64 52 6 66 86 62 96 86 86 16 100 60 4 22 12 80 50 84 84 6 84 28 76 62 12 26 24 86 40 64 34 94 60 58 40 56 16 72 54 40 74 26 88 82 86 52 68 90 20 16 76 4 20 60 92 46 34 20 58 78 56 56 10 88 40 6 82 22 74 64 52 56 56 72 62 92 56 52 34
100 62 30 94 70 30 28 62 70 36 30 80 48 80 70 86 72 34 80 78 64 68 56 98 40 68 62 90 82 72 86 74 34 46 42 24 34 98 86 96 66 16 10 34 10 4 2 30 18 22 54 90 90 96 72 22 98 6 16 66 6 12 98 38 56 74 4 52 94 6 86 92 10 78 2 54 70 100 18 56 8 30 84 52 64 46 94 78 20 28 50 96 56 78 16 76 42 80 36 12 98
100 98 76 100 78 90 66 12 54 84 20 14 54 36 54 64 50 94 98 84 64 52 2 48 64 42 38 48 78 88 60 24 94 68 100 18 72 30 62 80 20 68 46 22 70 70 70 8 8 92 78 18 96 32 22 58 8 86 90 98 78 4 18 30 24 82 92 62 34 90 98 86 68 24 2 46 96 80 72 50 38 30 90 82 80 28 28 32 48 40 54 86 14 22 12 40 12 36 24 24 14
100 38 32 42 74 68 50 90 70 40 8 60 6 14 24 88 38 40 30 46 2 96 60 48 54 78 92 92 6 30 54 76 68 90 10 28 100 54 54 52 46 10 44 66 76 60 26 94 78 100 34 2 16 54 96 46 88 20 10 84 78 82 58 32 4 56 18 22 12 68 86 100 94 96 94 100 92 98 32 32 64 2 48 44 92 26 94 88 96 84 38 14 28 30 26 32 50 36 4 20 20
100 82 92 30 50 40 10 14 18 76 18 52 16 86 14 58 82 96 94 92 56 42 46 92 54 2 4 52 38 88 34 36 90 36 28 58 14 14 4 92 12 88 58 66 98 8 84 38 92 30 100 94 34 14 82 8 62 66 40 22 94 94 52 2 52 78 44 66 100 24 36 12 46 22 100 22 48 72 36 74 94 84 88 58 62 98 52 30 58 56 58 76 50 100 56 50 74 52 2 36 34
100 56 82 60 54 4 82 80 8 28 34 48 78 34 36 6 34 90 70 70 40 70 56 62 88 90 76 54 60 50 22 16 68 68 72 100 94 12 18 2 42 8 16 20 18 46 78 64 42 34 72 56 10 40 12 70 58 56 42 72 44 32 56 12 2 84 78 12 94 36 94 30 88 84 24 100 6 84 14 66 26 78 84 78 78 50 54 32 52 10 22 58 18 60 36 54 70 8 86 62 98
100 86 96 26 2 40 76 20 48 96 68 96 10 92 40 36 2 58 96 68 52 74 92 84 66 50 6 54 52 24 80 56 4 62 16 42 90 82 30 76 90 96 94 42 16 28 36 18 80 48 72 72 22 14 66 100 78 88 16 74 100 74 46 84 50 26 20 68 70 100 72 80 88 26 82 54 100 26 46 18 86 6 34 14 98 34 56 16 30 18 100 72 6 44 34 28 2 82 12 58 58
100 8 62 14 70 90 54 18 96 78 78 90 2 88 80 86 50 16 56 24 16 46 48 100 32 30 94 52 84 60 12 60 82 74 46 6 98 76 24 2 64 100 70 44 74 14 6 68 44 38 62 98 58 22 94 34 24 62 80 26 58 68 34 8 18 24 86 100 32 36 50 58 72 22 36 60 24 72 44 6 54 64 94 70 78 20 34 90 12 12 38 70 98 42 52 24 62 76 62 96 14
100 16 36 18 30 22 46 28 6 88 64 8 16 76 76 50 44 96 60 18 26 72 56 88 88 68 8 64 24 98 80 18 12 68 14 4 40 18 10 34 100 28 24 62 84 68 14 68 4 88 66 64 22 94 16 100 92 34 2 36 50 18 88 32 98 14 80 34 32 88 88 30 42 92 42 20 52 76 4 20 56 42 44 86 28 26 96 64 28 8 16 84 46 72 2 82 90 72 76 46 62
100 24 54 40 94 4 36 36 22 84 56 16 48 12 30 42 66 82 78 62 20 94 62 20 56 4 54 16 4 30 42 50 76 6 2 44 90 98 100 74 80 52 66 44 72 100 100 2 66 96 84 56 64 88 20 26 80 70 54 92 30 22 64 98 2 92 80 50 94 44 60 28 44 84 74 26 84 100 8 68 26 100 86 40 30 66 38 36 10 42 42 58 78 58 92 100 50 20 60 6 44
100 10 74 2 28 8 16 4 34 8 12 72 44 34 94 28 32 90 86 22 82 100 94 96 88 50 84 78 100 4 68 84 90 36 90 68 60 78 76 22 60 28 86 84 96 24 34 4 52 20 24 32 52 8 20 40 34 62 88 46 98 60 40 94 62 96 34 60 16 52 68 46 72 82 44 34 64 88 78 74 4 96 34 14 52 88 96 14 14 48 50 42 46 20 32 100 70 62 78 12 92
100 66 62 92 62 94 32 28 68 40 42 74 22 80 98 14 2 2 72 68 34 34 56 88 40 62 54 56 68 28 74 86 18 64 42 60 42 16 52 80 20 12 74 34 76 44 46 84 68 64 26 18 36 2 74 70 44 22 44 50 98 46 12 58 34 38 66 56 74 4 36 98 66 76 52 8 38 94 12 78 16 78 60 36 10 6 4 18 50 82 100 18 4 100 6 80 62 48 86 4 24
100 90 22 84 90 56 10 2 80 44 52 88 32 44 74 44 30 14 48 36 72 2 24 14 16 78 92 30 66 84 80 74 34 90 6 76 14 42 88 46 36 98 22 94 76 30 68 62 54 2 40 98 18 90 94 34 22 40 30 82 64 26 52 60 40 48 56 48 30 44 76 34 4 82 68 54 4 82 18 52 76 56 86 38 6 50 62 12 36 60 10 42 92 58 30 82 10 18 34 16 38
100 26 82 38 20 42 92 20 44 54 34 18 72 64 46 92 76 20 66 62 58 82 74 64 92 20 50 100 88 36 88 74 88 86 74 82 30 40 26 62 52 96 62 60 80 98 20 12 50 48 2 22 58 100 94 56 36 34 90 22 68 70 66 80 100 58 80 94 48 54 10 68 76 62 62 2 78 10 20 50 16 10 2 16 54 96 26 36 72 42 4 18 54 36 62 8 56 72 6 24 88
100 46 70 28 78 10 42 14 26 24 52 28 88 10 28 80 82 56 84 62 50 38 92 56 40 46 54 2 12 96 32 82 40 30 96 28 66 28 6 30 78 20 50 92 92 82 16 32 38 92 60 16 20 86 96 38 38 94 94 46 48 96 56 52 58 56 34 52 86 58 74 82 84 52 48 20 64 62 50 60 32 76 80 40 18 80 8 44 10 4 52 20 78 24 90 58 76 70 94 26 56
100 50 30 50 52 66 46 36 100 36 36 68 64 92 48 30 30 52 88 98 80 86 34 34 50 8 40 12 62 4 46 98 44 60 48 58 28 26 80 38 14 30 24 90 86 88 98 56 92 56 82 32 62 2 100 36 76 52 48 44 10 36 60 18 10 2 14 68 40 46 42 14 40 88 66 28 18 72 22 64 82 10 68 56 54 52 30 92 10 2 80 92 26 100 76 24 20 52 66 80 48
100 82 26 4 22 8 34 56 32 56 50 28 48 98 78 80 50 70 16 52 36 38 34 62 32 36 78 70 68 16 32 78 66 22 82 62 26 2 14 60 4 76 82 14 66 62 80 82 38 98 6 54 80 48 22 60 62 88 56 92 14 100 58 86 60 6 90 78 30 4 36 24 48 54 24 52 92 2 84 90 82 52 32 86 98 80 48 48 22 92 64 92 40 64 96 74 54 78 6 56 46
100 40 58 80 10 66 84 38 66 18 58 44 6 66 60 66 80 82 58 14 32 14 34 28 28 28 20 80 30 48 72 78 80 26 80 96 8 70 64 40 10 42 64 2 100 88 60 80 76 40 40 46 40 22 54 26 60 48 72 16 50 8 20 46 100 96 96 76 34 68 98 8 44 68 28 72 80 22 40 90 78 48 70 2 38 28 40 46 38 50 2 52 32 4 58 46 54 34 8 60 34
100 24 34 66 52 80 48 30 66 20 82 30 70 94 92 96 32 50 6 22 66 14 30 86 50 2 60 52 16 32 72 92 74 2 26 24 48 52 86 14 94 46 54 38 98 14 24 82 32 8 78 14 32 56 86 30 96 22 98 56 36 4 32 98 94 60 94 80 62 2 32 40 88 34 86 58 4 12 8 78 82 94 4 94 42 38 52 28 20 26 60 90 60 82 76 80 82 76 38 20 62
100 64 36 12 28 32 64 4 68 54 60 70 58 82 88 18 66 84 40 100 40 8 44 76 12 28 56 64 54 86 40 90 70 6 74 46 4 56 34 16 62 46 14 56 74 10 74 64 34 42 86 58 68 60 16 60 6 76 90 16 98 38 72 80 50 4 20 66 68 58 48 50 56 76 30 26 68 72 100 100 20 2 74 34 48 36 98 72 50 28 2 70 38 16 66 54 76 48 44 16 40
100 80 34 56 28 68 28 98 20 66 8 74 100 58 100 44 100 40 20 86 96 18 100 100 60 32 80 38 64 22 24 16 68 54 12 86 36 94 34 82 30 90 64 26 76 98 94 12 78 20 76 34 32 16 20 36 50 20 40 96 30 90 34 28 8 52 52 56 52 54 26 8 98 90 60 90 94 98 94 30 40 46 100 20 24 58 80 32 78 50 56 70 48 46 84 26 98 24 46 88 72
100 76 8 82 72 38 24 22 56 26 76 30 36 14 38 54 84 94 68 84 28 32 74 32 64 24 80 52 78 66 34 68 14 8 2 4 96 48 16 10 48 52 68 46 82 72 64 16 46 62 78 18 90 76 30 68 92 72 18 6 84 58 16 62 92 4 64 94 4 22 24 78 2 44 80 86 4 82 54 72 8 60 70 50 78 32 56 72 78 70 90 82 46 70 4 60 12 6 70 72 86
100 90 28 12 8 2 18 36 52 56 44 32 38 34 32 34 34 30 18 92 12 32 38 52 42 84 52 26 26 48 88 48 8 74 80 62 38 6 74 18 42 54 32 74 4 44 16 12 34 78 62 4 18 34 100 24 30 84 64 6 68 80 38 52 86 2 52 48 34 20 32 30 92 46 4 68 64 100 100 86 86 28 88 76 70 36 88 52 88 72 10 90 32 66 18 34 84 40 48 18 48
100 74 34 74 64 90 34 50 4 96 80 72 42 34 88 12 48 48 96 50 62 16 18 54 8 100 84 42 84 20 8 12 22 64 54 2 50 70 80 64 90 56 54 36 2 72 74 26 62 14 84 18 90 96 14 50 52 14 56 38 48 6 86 88 26 6 60 38 58 42 50 82 30 12 76 54 12 62 10 90 10 52 62 12 100 54 20 86 32 8 76 76 6 70 96 80 44 28 62 32 98
100 20 98 50 18 78 100 54 80 90 56 74 98 54 14 96 30 32 82 60 70 26 32 16 88 12 66 20 92 16 86 52 34 100 18 30 28 58 60 34 54 98 82 72 20 26 4 46 36 98 82 36 18 18 44 50 66 92 8 66 12 22 14 82 80 88 22 84 30 90 62 34 76 74 92 78 78 72 72 4 40 68 24 56 80 60 34 90 36 72 64 76 28 96 10 16 94 72 82 8 78
100 14 94 62 60 76 10 28 96 32 90 54 38 72 88 58 56 94 96 44 94 64 76 80 74 8 12 18 34 86 38 94 28 28 82 68 2 66 86 36 58 48 66 56 14 72 10 10 48 82 22 20 66 76 68 36 36 24 82 36 6 14 74 44 80 94 88 82 88 86 10 24 64 2 86 56 38 10 30 84 96 52 6 4 74 12 62 10 34 58 96 36 28 72 34 94 70 6 100 72 20
100 22 40 92 14 68 74 92 74 98 72 38 16 40 38 6 98 74 46 72 36 54 52 18 68 56 24 70 96 90 98 38 2 36 54 82 58 84 8 94 54 66 24 80 74 2 46 64 56 88 100 78 14 24 94 26 34 68 44 10 4 94 64 74 72 70 8 38 46 4 12 12 36 22 68 70 38 40 80 6 24 60 12 10 58 4 38 76 24 42 52 94 92 98 50 14 8 60 4 8 40
100 52 44 90 10 26 68 8 38 64 56 50 34 14 10 30 70 20 86 54 94 88 2 16 10 58 80 2 96 10 22 22 82 40 36 26 18 66 84 72 78 30 28 70 8 24 14 80 2 22 14 68 46 48 80 64 82 24 30 96 8 100 58 20 56 88 32 16 30 24 30 36 44 76 78 46 2 58 84 42 62 58 62 26 28 94 64 98 44 52 6 24 64 96 50 42 20 62 24 18 30
100 22 64 30 2 84 98 58 76 98 84 74 74 70 28 62 36 42 88 42 50 46 16 36 26 86 32 38 84 38 22 100 18 18 24 52 26 66 32 16 6 28 22 8 6 84 52 46 10 52 88 28 42 12 68 52 26 34 94 24 80 74 50 94 80 18 54 34 78 10 4 18 10 24 4 80 52 28 36 28 58 22 26 10 66 50 34 78 96 64 76 30 18 80 50 42 26 72 32 70 72
100 46 78 96 90 68 50 30 100 62 94 84 26 52 8 8 42 82 12 10 56 96 12 64 58 100 22 38 56 78 78 2 96 32 82 32 92 78 76 98 90 62 58 44 28 8 74 72 68 84 40 2 14 16 42 22 96 98 24 98 14 76 54 76 20 12 76 32 80 52 66 50 4 16 46 58 80 12 78 72 24 26 50 14 60 48 68 84 22 18 94 22 14 38 28 84 32 56 56 56 88
100 100 74 12 86 90 74 20 82 92 44 4 28 10 76 56 54 82 24 62 46 64 64 94 26 56 62 30 96 72 34 26 22 96 60 48 82 16 80 2 2 40 92 72 44 48 20 60 66 48 40 32 86 10 16 68 100 12 42 58 32 62 92 58 66 30 32 22 34 14 96 84 36 86 44 18 20 36 54 60 74 10 70 74 40 36 90 96 36 64 60 82 100 10 60 72 70 78 80 24 60
100 18 74 94 42 24 86 74 40 22 22 48 40 100 58 28 16 56 68 88 18 28 60 52 86 4 76 44 30 58 50 18 10 82 74 6 26 2 56 66 52 56 66 70 48 50 92 20 44 100 62 26 12 16 68 90 76 28 84 26 14 54 80 88 24 92 34 12 70 96 92 20 48 28 16 40 10 42 16 90 20 100 42 28 30 84 16 74 38 10 92 36 10 40 64 62 76 96 62 36 90
100 4 72 80 74 6 20 90 90 64 74 88 8 4 18 44 16 98 10 46 16 72 72 20 84 90 4 42 86 66 30 36 44 82 54 72 44 76 84 68 36 64 52 76 92 42 14 68 66 52 52 32 92 16 70 52 96 74 66 30 64 76 84 88 58 50 20 8 28 16 82 98 62 72 32 20 34 92 30 82 12 90 22 96 52 30 40 78 92 100 72 50 78 74 24 32 46 72 36 28 16
100 100 86 10 90 10 18 44 68 12 58 8 90 20 68 84 36 16 90 20 64 58 18 8 2 84 62 90 70 24 86 90 54 52 40 64 60 8 30 48 10 32 30 84 14 48 80 84 60 2 90 86 48 86 52 40 34 58 90 8 32 10 46 52 58 28 32 24 86 78 12 24 76 80 66 28 76 78 100 72 10 82 84 86 56 70 56 92 100 44 74 24 42 42 90 40 10 4 74 88 90
100 56 78 66 12 2 22 64 10 100 58 66 4 6 56 2 34 32 66 42 66 20 20 58 16 18 44 12 58 94 2 70 74 64 72 36 92 4 84 26 22 72 74 6 8 28 78 68 84 30 66 38 74 44 6 92 96 68 36 90 8 94 94 30 44 14 32 78 62 18 70 68 38 70 40 36 6 72 12 38 70 62 42 90 28 42 26 68 86 4 34 8 8 48 80 12 56 4 80 96 34
100 68 36 54 44 36 84 4 88 98 6 100 48 2 44 50 28 70 38 58 2 6 74 86 88 22 56 26 32 60 42 2 26 86 30 22 60 40 26 68 86 66 92 34 38 10 32 42 18 22 64 10 74 64 12 4 94 66 42 92 26 76 80 2 70 96 44 100 10 8 8 34 70 34 14 30 66 100 72 98 82 42 34 86 28 38 12 94 96 46 48 98 50 28 66 50 32 10 76 82 76
100 24 74 52 28 14 76 66 52 88 12 96 84 84 74 38 44 70 30 2 74 38 12 34 2 60 48 24 64 38 64 86 72 68 86 52 36 46 82 20 28 28 54 32 12 56 10 46 10 4 92 22 64 86 36 30 22 38 44 62 84 94 40 58 22 54 54 78 56 82 100 74 16 100 66 20 16 26 36 50 62 40 18 70 82 92 30 4 44 42 82 88 78 32 6 64 30 78 32 4 60
100 96 34 24 98 84 32 6 12 86 8 84 16 32 16 54 60 72 58 46 58 18 82 94 38 12 90 46 96 58 14 10 52 38 50 34 46 58 66 92 48 80 64 44 26 22 58 18 86 76 22 34 8 24 44 44 84 98 70 28 24 62 90 18 30 32 18 88 18 50 90 94 8 26 54 56 86 70 68 70 16 78 64 12 32 52 32 72 20 90 26 60 100 28 78 4 6 92 22 66 76
100 20 46 100 56 82 46 60 100 46 50 84 38 68 86 88 32 62 54 16 36 56 34 46 92 52 64 48 48 24 20 4 4 56 10 90 30 98 24 54 30 36 94 32 68 36 40 72 76 36 74 70 16 58 98 92 22 80 74 60 52 58 98 52 46 66 50 34 22 78 88 50 58 60 98 10 80 30 100 24 28 8 98 20 88 98 42 62 88 6 78 70 22 86 82 96 98 84 10 60 100
100 62 32 64 90 34 46 48 60 78 72 24 96 44 32 90 40 90 6 68 46 86 64 14 92 56 72 38 80 48 8 24 30 16 68 58 52 20 14 44 34 72 42 4 40 42 26 92 18 24 52 80 72 86 40 88 76 70 26 64 96 88 70 60 38 90 18 50 54 46 10 34 4 68 36 30 68 36 26 74 26 10 78 24 40 72 20 18 16 28 44 48 42 86 94 18 62 88 98 4 68
100 84 14 86 38 58 46 38 8 62 84 12 64 76 8 4 4 14 68 22 52 60 68 94 44 6 46 70 46 22 16 90 70 28 4 14 96 74 44 74 28 42 52 50 54 70 56 100 68 82 92 72 80 82 90 52 72 32 10 34 70 6 36 40 2 64 36 18 6 72 100 58 32 44 34 90 38 10 56 70 100 14 52 64 62 84 46 4 4 76 14 10 72 28 54 100 22 28 38 80 68
100 20 10 40 76 22 4 82 50 34 48 80 98 44 70 88 38 44 56 74 58 12 8 2 22 58 58 62 48 64 94 66 12 74 82 12 20 54 78 8 60 68 38 2 60 92 100 20 80 14 60 66 84 24 2 26 96 80 44 34 74 70 84 92 32 12 54 18 44 54 20 6 88 12 70 82 10 36 32 38 14 22 8 30 30 22 44 90 8 46 74 76 62 98 32 20 6 12 32 10 76
100 20 98 76 76 16 2 28 26 16 48 48 62 18 94 6 40 74 84 12 82 8 66 86 26 90 2 14 60 30 74 18 22 92 40 46 32 58 86 26 88 68 52 6 4 10 14 52 50 52 18 30 74 20 92 62 26 28 52 60 36 4 20 16 94 100 58 62 44 48 8 26 48 94 62 40 78 6 82 56 18 80 16 30 46 48 14 8 80 100 52 16 94 82 64 42 10 10 10 30 30
100 28 40 92 14 46 94 32 16 54 62 48 28 82 38 30 2 78 52 8 52 24 30 28 56 36 82 84 40 48 48 30 12 52 30 60 86 44 84 44 18 56 16 78 88 84 82 50 66 72 68 58 70 34 24 38 94 2 90 74 52 82 80 30 26 20 16 24 80 74 2 18 86 6 58 28 70 6 32 88 38 72 44 52 4 48 60 76 70 88 100 4 86 26 72 58 82 4 6 62 2
100 56 40 6 86 98 48 18 46 62 72 56 32 6 34 96 8 18 42 72 24 56 84 18 82 82 16 40 86 10 64 66 98 72 64 60 92 44 2 60 30 48 40 12 6 68 42 38 50 76 34 34 94 98 24 46 4 52 16 10 14 36 6 40 6 96 94 94 94 64 54 92 74 26 94 66 32 36 94 84 22 66 46 8 16 54 2 98 38 30 98 74 34 58 72 14 74 62 76 40 22
100 30 58 26 72 88 18 96 10 60 14 64 82 54 12 84 80 22 78 22 28 50 92 66 92 44 70 36 32 6 14 16 58 98 76 80 94 74 6 36 58 54 16 44 30 78 44 48 14 68 52 62 52 10 90 86 58 14 54 84 62 68 96 94 50 12 26 36 80 32 38 96 66 44 8 44 64 74 34 2 60 8 2 42 12 2 78 82 12 74 22 12 16 80 42 68 72 64 86 18 72
100 24 16 58 58 34 22 22 34 16 88 6 34 48 38 2 26 8 100 44 30 84 36 76 36 68 54 98 94 52 40 48 24 54 42 34 4 40 100 46 86 20 64 18 74 24 46 50 26 94 92 28 14 56 16 2 92 96 52 92 86 82 22 38 62 74 44 52 68 52 2 8 50 28 42 42 68 6 90 28 76 68 56 100 86 52 34 14 96 18 40 8 32 46 88 16 10 62 26 90 6
100 98 44 92 78 90 20 12 72 28 2 4 38 98 76 6 2 98 98 92 62 46 56 16 82 42 50 28 82 72 84 26 90 2 76 68 36 74 96 38 96 6 42 78 30 34 98 26 4 8 86 96 32 96 74 44 54 68 86 38 80 76 78 24 2 68 42 52 44 100 86 14 18 20 60 68 22 34 100 54 46 2 22 28 80 14 72 8 100 30 72 48 72 4 30 66 48 18 100 50 98
100 46 40 2 14 18 16 20 84 40 82 2 62 10 64 46 4 10 90 66 64 76 14 80 4 62 38 28 46 62 76 44 50 28 56 6 62 60 38 86 2 62 4 66 76 50 78 6 86 68 44 26 34 66 68 80 48 28 68 82 16 90 2 78 4 60 12 74 52 20 88 96 78 44 16 60 76 92 66 44 96 44 62 12 54 94 74 64 92 74 98 80 44 14 20 58 70 14 46 60 6
100 88 44 14 86 44 100 64 12 94 62 60 96 6 42 60 64 38 26 8 92 20 60 36 96 40 14 6 46 28 4 38 16 84 40 52 22 56 98 34 12 78 88 98 90 56 46 50 90 6 6 38 48 62 44 24 22 72 44 12 32 28 46 94 22 48 16 52 14 44 58 54 18 48 38 30 18 52 58 64 98 56 18 88 20 80 70 76 20 92 56 46 86 78 46 38 6 96 4 92 12
100 94 40 46 36 86 18 52 52 86 56 98 16 84 76 8 28 64 18 16 80 44 22 34 8 38 56 66 18 32 98 4 8 94 92 76 20 58 76 32 30 2 20 44 38 82 4 20 12 100 78 56 88 84 68 82 14 24 82 86 94 54 36 8 82 66 32 58 38 28 52 4 70 78 22 36 4 50 30 38 4 32 38 96 8 38 64 86 32 60 30 100 100 36 54 96 94 50 98 48 40
100 58 88 60 60 74 90 26 98 2 50 68 90 92 20 86 78 80 14 26 96 18 34 42 74 6 16 34 38 76 68 32 80 46 32 52 76 58 32 62 68 56 42 68 18 6 30 34 66 36 70 94 20 8 12 72 60 76 10 8 2 60 76 38 84 58 92 42 88 6 82 92 92 82 12 84 16 82 62 38 82 48 44 42 44 24 58 80 60 100 48 40 46 62 92 4 88 80 6 10 94
100 14 58 32 62 64 82 26 76 48 28 30 42 12 48 10 68 16 40 36 60 80 92 74 22 98 34 84 70 72 12 98 24 24 6 80 36 28 38 88 12 74 44 58 48 56 6 2 46 70 30 46 38 78 98 92 76 14 40 14 2 96 34 38 48 82 94 84 48 10 66 34 2 72 64 40 72 26 10 50 4 20 40 68 88 60 46 62 64 68 64 80 20 94 32 52 88 78 48 16 82
100 80 22 62 34 14 56 74 46 16 64 96 26 10 54 52 48 8 48 98 66 66 86 84 38 88 98 84 10 74 94 100 44 70 84 58 22 70 74 36 42 18 62 60 84 76 18 52 34 22 44 54 28 68 100 60 6 76 74 52 26 90 86 84 36 60 8 82 38 52 12 48 36 6 28 46 44 88 28 98 26 4 74 78 60 26 88 100 14 82 82 82 86 80 90 30 62 54 76 100 92
100 82 24 100 66 44 58 32 76 2 60 16 56 82 86 2 68 10 32 34 80 30 6 84 4 68 62 70 50 18 86 12 74 98 28 52 72 78 60 22 98 70 42 74 50 94 98 58 66 94 96 92 66 96 92 96 72 20 50 40 60 40 44 12 4 74 90 66 64 48 36 14 72 88 76 32 66 30 52 56 26 44 48 94 70 38 12 50 46 84 48 70 78 74 100 86 56 2 70 84 16
100 82 4 94 36 46 16 92 72 80 70 84 36 56 22 44 44 40 56 54 86 14 18 20 64 34 4 28 18 40 94 74 92 14 98 86 92 74 54 92 48 44 76 24 12 78 76 100 90 68 14 14 84 56 96 92 28 56 74 36 32 44 54 24 38 2 10 74 36 2 10 22 26 6 32 36 12 16 60 86 68 50 32 72 62 94 98 46 8 24 76 32 42 46 28 54 26 64 86 54 34
100 76 40 82 64 92 76 8 14 64 28 38 64 8 52 40 94 98 74 58 92 98 60 2 80 22 38 96 98 96 54 34 32 82 22 78 94 64 16 64 92 14 62 16 52 14 22 28 98 62 92 58 18 24 18 40 82 76 58 12 72 44 34 84 96 56 36 66 72 36 26 70 88 32 48 48 76 46 10 90 92 8 88 42 56 86 34 28 46 30 56 86 14 62 10 4 64 96 98 60 14
100 20 70 6 30 98 36 24 6 20 84 60 38 62 20 24 44 86 70 52 60 96 66 4 54 24 72 6 22 10 78 72 32 28 60 30 32 44 22 84 38 38 60 72 50 40 8 60 12 44 32 94 18 84 6 36 40 26 32 26 100 74 82 62 68 14 18 66 6 26 88 98 96 100 60 8 12 30 86 80 82 18 78 22 78 62 16 28 60 94 28 16 78 6 6 66 10 42 68 96 32
100 98 74 98 96 2 60 78 24 40 10 80 26 52 86 18 68 82 24 28 98 16 100 42 44 12 26 92 94 58 84 8 58 90 100 48 62 54 30 90 70 4 58 8 52 70 56 34 22 38 34 16 32 72 64 24 40 26 68 24 36 62 32 76 62 4 92 92 90 88 68 6 94 100 52 76 60 46 38 84 76 28 8 100 64 44 50 24 28 48 50 60 84 6 52 34 82 30 74 80 24
100 4 28 24 64 48 16 50 18 86 46 70 12 82 80 26 66 74 74 86 36 78 92 70 82 50 34 20 98 22 66 70 98 86 100 10 32 86 58 86 70 6 44 80 26 8 44 98 78 2 30 16 20 100 30 10 82 10 4 80 84 10 30 14 10 46 42 100 22 64 26 6 38 48 44 40 84 54 62 80 84 8 100 94 68 54 18 62 66 10 34 10 6 6 10 18 84 70 52 64 100
100 78 96 44 8 54 78 94 44 72 98 46 80 18 30 58 60 86 22 78 28 10 64 60 16 46 12 48 92 90 36 40 28 100 86 50 4 52 62 28 34 74 74 76 26 2 64 18 70 30 24 20 12 76 10 38 84 92 80 18 32 40 6 74 72 42 2 10 100 38 4 14 98 90 70 44 12 28 88 94 92 28 2 84 12 18 44 10 96 34 34 78 32 40 82 36 82 74 30 90 10
100 88 46 38 6 90 6 52 26 10 48 70 100 84 4 20 54 4 68 50 62 10 100 74 60 94 88 46 4 6 26 4 16 14 98 42 2 40 24 98 88 82 80 78 60 62 18 90 32 6 70 42 16 32 24 100 34 36 22 8 20 42 20 86 46 90 20 48 12 36 62 2 10 58 48 66 92 36 20 82 78 56 90 66 50 54 86 98 36 6 4 36 12 30 44 100 22 70 32 48 78
100 38 44 62 8 42 18 90 50 74 20 28 56 48 36 70 14 84 44 16 58 32 46 84 88 44 38 98 62 84 30 30 10 66 90 62 18 44 80 64 54 76 46 80 62 88 80 76 10 94 94 92 56 52 8 24 42 36 38 42 78 98 74 52 88 74 52 48 76 100 52 40 58 26 6 22 62 16 62 22 96 78 20 66 42 98 48 10 48 38 12 62 4 8 38 48 6 12 98 52 58
100 50 96 98 82 68 50 2 12 46 4 86 78 100 6 10 56 64 14 74 82 16 92 38 94 90 32 80 46 64 34 80 74 12 94 54 48 94 30 68 86 78 4 86 12 44 28 78 64 16 60 54 26 96 68 24 100 28 12 70 58 50 18 50 94 16 44 98 14 12 90 84 30 84 94 38 36 24 26 26 52 62 64 86 88 10 54 14 38 100 56 36 76 26 82 12 2 16 90 50 100
100 66 98 24 94 88 6 38 42 92 2 14 88 66 60 22 90 2 88 12 26 16 26 78 36 6 68 4 76 68 62 76 100 28 20 12 58 98 74 20 20 64 96 84 62 64 52 14 30 68 32 36 4 44 48 96 98 40 58 16 56 64 48 36 42 68 30 22 72 76 84 18 22 96 60 18 34 96 88 2 44 10 54 34 56 30 14 86 38 50 94 48 72 10 30 92 48 38 34 98 64
0
