100 76 92 18 78 16 20 38 64 18 76 4 40 64 64 42 48 40 6 48 10 72 16 100 26 44 26 58 70 6 48 84 72 22 24 2 96 60 76 50 28 26 86 94 64 70 90 4 80 62 60 92 50 36 70 90 74 92 54 76 90 84 50 56 30 86 40 40 98 54 12 10 38 12 28 32 8 18 16 54 16 68 30 8 70 92 74 52 22 98 16 92 30 36 22 18 2 4 68 98 50
100 58 42 52 90 4 84 48 52 86 14 10 6 88 94 50 76 98 52 64 94 48 48 68 98 98 82 34 90 76 86 62 96 98 54 90 30 8 2 42 46 54 44 72 40 16 32 14 90 2 26 38 30 28 2 92 38 72 84 98 52 36 94 92 14 78 70 38 56 48 44 56 12 92 50 90 14 72 12 92 86 70 12 90 98 58 64 50 90 8 24 6 6 96 86 24 48 92 44 34 68
100 76 8 100 38 98 30 62 78 34 38 36 72 58 86 52 54 42 96 16 74 44 22 68 44 8 94 54 94 46 48 82 64 14 92 86 36 10 18 10 44 76 32 50 48 56 12 84 62 36 24 22 20 30 40 88 4 36 8 32 60 72 60 60 8 28 46 22 32 12 60 78 62 62 68 76 68 88 40 22 22 20 46 32 80 84 68 16 28 16 74 54 26 74 24 32 86 86 24 46 58
100 60 14 2 88 100 66 78 12 26 6 46 30 20 30 36 2 18 2 10 38 28 44 98 78 24 58 48 94 72 36 72 92 14 98 92 42 16 44 96 62 80 66 16 84 48 72 92 62 24 26 78 72 62 94 56 100 12 96 36 30 16 54 94 62 12 2 10 30 38 32 56 84 6 20 100 92 58 2 92 92 36 32 74 58 10 54 78 14 30 72 90 2 48 2 92 74 36 78 46 26
100 74 98 56 30 48 88 88 66 20 40 82 72 88 52 94 26 72 16 88 82 74 78 68 36 50 8 58 26 24 60 92 100 50 96 36 14 38 66 62 50 68 40 50 86 32 46 28 56 66 22 10 32 64 84 46 26 96 34 70 44 96 30 4 92 46 38 92 90 58 100 74 100 30 58 100 86 8 82 70 62 46 78 60 94 42 44 98 28 54 18 72 92 18 36 24 42 8 94 82 90
100 60 60 100 38 24 46 72 72 68 32 32 54 12 6 60 84 56 16 8 50 48 56 92 10 82 76 28 50 52 96 64 34 96 72 52 22 30 10 90 16 88 96 44 62 58 30 74 80 70 80 64 6 70 82 30 14 4 24 6 90 54 78 66 86 86 46 44 22 52 36 84 78 50 10 70 14 12 80 8 88 82 10 78 76 24 50 82 42 56 68 30 98 16 92 24 48 44 10 68 36
100 16 34 46 2 70 32 68 24 12 90 88 10 12 38 74 12 80 96 72 44 80 4 30 98 86 80 48 62 56 60 14 48 56 68 60 38 84 88 44 88 20 90 48 60 56 8 72 68 54 66 60 100 24 30 44 52 14 42 16 84 32 52 46 84 2 10 54 66 20 40 12 32 84 50 4 4 70 88 26 86 100 86 10 80 66 42 46 32 44 4 84 20 56 24 20 64 88 40 78 38
100 56 90 72 12 32 6 24 28 10 74 68 42 32 40 62 42 94 12 58 44 44 14 48 98 52 30 92 58 84 62 74 24 78 70 26 80 18 40 40 40 14 46 18 42 76 18 50 56 84 62 48 12 28 52 52 4 64 50 58 74 74 88 76 52 100 100 14 100 64 36 34 98 70 16 76 14 84 20 42 12 100 16 94 72 12 32 60 4 66 66 8 50 6 82 22 4 86 20 8 90
100 68 88 60 64 86 94 78 52 20 70 60 96 62 90 34 44 58 8 92 36 68 46 56 76 76 14 2 82 30 96 40 40 40 50 74 56 72 26 32 70 42 82 64 72 92 56 32 66 2 70 10 46 36 10 58 50 48 82 92 30 54 16 72 90 80 72 90 62 88 24 78 66 42 98 58 26 76 2 26 62 58 66 76 42 52 50 74 52 8 38 4 34 78 10 92 94 72 94 50 72
100 48 10 40 86 80 48 86 20 8 6 92 2 70 18 98 42 70 60 22 6 38 94 36 88 10 36 56 24 100 4 32 12 78 94 74 32 60 74 28 62 72 52 80 86 66 66 86 4 4 24 82 64 40 46 22 62 38 30 82 12 76 98 98 72 68 56 34 30 32 98 80 70 96 22 28 40 88 66 14 26 8 46 80 58 68 36 28 50 44 34 54 66 22 98 58 24 12 38 76 80
100 40 58 54 46 30 12 38 2 52 72 36 40 54 96 96 14 62 28 78 98 70 46 58 86 100 60 32 80 12 84 40 84 84 76 78 24 40 52 92 84 82 40 100 38 38 10 12 30 92 68 94 10 56 62 50 46 14 56 44 54 10 42 50 76 24 2 84 50 18 8 20 32 28 10 82 78 26 8 52 92 30 18 92 28 78 30 14 34 34 10 26 86 70 28 70 98 16 100 78 8
100 100 28 52 8 2 86 88 60 26 94 14 26 26 10 48 38 100 86 26 20 56 54 6 66 52 96 62 76 62 6 38 48 34 46 72 70 56 84 100 16 18 62 98 60 52 88 78 88 70 78 2 40 100 34 14 10 62 68 34 18 72 54 2 86 70 76 38 72 78 86 8 22 10 60 52 58 86 60 64 98 58 8 50 74 36 48 44 46 40 54 54 56 32 82 2 28 28 18 18 28
100 68 66 44 52 6 62 80 38 24 40 98 56 66 42 38 52 4 62 72 100 64 32 22 44 14 98 34 14 42 78 2 98 14 30 60 76 24 12 92 70 28 86 44 56 74 6 56 48 52 86 62 12 12 8 44 66 40 22 86 66 42 42 88 6 38 4 88 26 8 10 58 18 4 62 58 46 28 58 20 14 26 22 4 42 48 48 60 46 60 34 16 58 54 82 96 86 88 82 20 42
100 98 84 14 46 68 10 60 98 96 98 54 40 88 18 20 60 20 64 52 96 72 70 82 96 88 10 52 86 4 16 34 2 82 18 70 92 12 44 48 10 38 12 52 42 64 62 54 2 68 96 100 54 84 98 68 38 48 18 24 80 24 96 78 24 14 60 72 74 32 70 92 100 2 98 44 30 92 12 98 72 62 50 56 50 52 28 38 40 62 12 38 2 60 20 44 34 80 54 100 88
100 20 78 34 20 54 44 20 2 44 18 28 62 64 10 30 48 10 34 74 72 94 12 48 30 20 94 46 58 22 64 62 4 88 24 20 48 26 70 2 64 78 88 40 26 10 46 10 96 40 66 80 54 74 100 28 18 2 62 78 70 68 2 64 48 64 94 50 80 66 42 46 96 30 82 34 12 98 26 50 58 66 72 54 28 20 88 18 26 80 78 30 100 68 64 38 14 42 42 38 28
100 6 90 94 88 36 94 84 32 40 18 4 6 88 94 12 14 56 88 14 82 8 74 46 42 32 76 18 76 40 78 100 2 40 6 12 28 50 86 24 62 38 10 62 96 16 40 92 70 82 62 38 76 96 52 66 20 12 56 88 76 54 48 44 12 32 50 20 74 46 24 82 60 10 54 14 28 30 90 36 38 44 46 4 98 6 70 32 2 46 82 2 8 16 20 92 38 22 72 16 74
100 70 4 90 88 66 82 52 70 78 84 98 92 32 14 2 60 14 12 84 58 76 70 24 44 78 8 72 28 82 14 26 40 60 58 46 42 88 26 48 38 34 52 92 70 96 58 68 48 50 12 50 58 68 10 86 22 88 78 94 44 12 10 64 42 78 28 74 34 30 34 72 94 28 64 72 30 72 36 38 26 90 92 14 76 32 20 76 40 42 78 22 36 62 10 60 70 78 28 30 2
100 94 100 6 88 38 90 76 34 8 80 90 48 86 2 84 74 68 46 90 54 38 16 8 94 40 60 54 4 66 78 70 78 88 28 52 4 24 64 6 94 72 80 4 2 18 76 90 58 34 66 90 52 52 2 4 42 90 88 94 40 64 46 40 82 50 80 36 52 24 78 8 80 88 64 74 38 48 76 14 38 24 84 32 90 70 72 40 84 92 18 98 60 4 20 100 86 60 86 20 24
100 80 76 14 42 44 36 2 6 78 52 48 100 70 72 42 88 54 8 38 60 84 98 82 8 16 20 64 70 50 4 74 54 40 32 20 64 82 78 18 72 80 36 64 10 54 82 58 22 2 36 12 82 80 92 30 12 64 4 90 46 36 92 26 92 40 46 18 16 88 20 48 86 98 62 98 26 20 82 16 34 76 80 32 98 98 58 16 42 96 50 42 8 62 6 44 34 74 26 82 26
100 92 22 70 30 52 10 22 52 62 8 28 38 54 56 4 70 78 76 6 80 6 56 34 10 80 8 20 8 8 4 26 54 70 46 12 10 64 100 76 92 20 44 74 94 2 82 24 6 58 50 2 44 36 98 34 20 74 38 70 60 62 22 98 24 40 92 36 46 64 94 86 84 26 82 84 52 90 36 94 78 86 74 30 90 80 58 66 42 24 12 28 74 8 62 4 10 92 38 4 50
100 82 92 94 18 98 36 84 92 58 100 2 20 64 60 50 48 84 70 18 28 32 82 30 56 48 58 16 26 88 62 80 60 72 50 50 78 60 96 66 100 98 68 46 50 36 64 70 96 62 92 10 88 10 50 12 18 92 72 22 60 74 16 52 18 64 10 70 68 56 78 20 6 24 64 82 16 26 66 24 16 16 4 12 16 46 22 58 24 94 52 84 68 58 64 26 84 50 46 100 28
100 18 16 14 80 48 98 60 96 52 26 80 100 84 6 72 90 26 66 42 72 12 92 44 12 40 94 80 6 76 16 66 76 78 78 30 44 72 36 100 52 46 38 84 58 34 44 70 54 8 80 50 68 62 66 10 78 62 76 54 20 62 26 94 98 4 94 74 88 28 90 40 12 98 94 22 66 96 90 14 64 16 90 80 100 74 96 50 24 94 44 22 84 58 38 72 30 18 26 10 68
100 62 46 90 16 72 74 70 26 18 74 80 52 82 42 92 70 88 22 52 92 24 20 62 60 80 54 74 26 10 6 34 34 14 22 90 24 80 26 4 14 56 30 10 28 68 78 30 82 64 44 66 14 100 8 44 12 36 56 60 12 42 20 28 68 74 34 86 38 78 20 78 84 46 34 58 92 78 82 16 36 22 70 42 48 94 38 70 50 54 26 2 78 8 38 82 60 56 54 30 4
100 86 94 34 52 36 80 48 46 42 58 80 88 58 62 56 10 34 100 66 36 74 24 20 38 6 74 78 98 6 34 96 64 44 36 72 46 34 68 82 68 86 38 18 58 26 26 4 96 34 2 72 34 58 24 16 20 70 64 90 100 30 52 76 36 96 22 42 58 28 42 46 90 96 4 20 84 64 28 26 92 12 24 80 96 54 6 72 88 84 78 74 74 54 90 70 18 44 96 2 96
100 6 48 70 66 68 50 84 64 78 82 36 34 98 56 62 64 82 54 30 86 92 38 74 16 96 66 6 16 36 82 100 92 84 80 14 12 6 64 52 98 22 84 92 34 18 22 46 8 38 28 48 40 100 18 36 80 80 54 54 14 82 28 98 14 18 54 44 54 2 4 70 26 78 46 64 8 96 96 62 42 84 76 10 48 44 88 100 90 80 22 38 24 8 42 52 82 12 6 66 54
100 60 28 70 52 2 26 24 32 66 40 92 6 80 68 30 92 2 78 26 32 26 12 44 84 20 74 2 44 94 18 90 78 82 70 36 46 28 64 32 30 62 8 20 40 14 18 92 100 8 2 90 64 8 40 12 24 56 98 70 12 8 8 94 40 8 14 42 26 82 24 54 42 20 46 22 100 60 74 42 2 52 30 60 26 78 94 78 48 60 12 88 74 96 88 70 52 18 96 74 18
100 96 36 62 22 70 70 46 66 80 34 26 6 100 42 64 14 76 68 48 62 90 30 14 88 100 34 6 86 42 34 66 26 52 86 12 56 98 52 90 8 8 82 56 20 90 8 34 34 86 30 8 40 70 60 24 62 64 18 82 90 80 26 8 30 80 76 8 70 32 54 24 56 26 88 80 68 42 56 80 66 96 72 30 60 66 64 82 98 18 62 58 64 42 2 28 42 42 22 56 82
100 56 60 50 14 86 36 4 24 96 70 42 74 8 44 52 26 6 2 6 36 74 56 48 66 52 48 10 100 58 84 50 72 22 22 100 52 84 40 44 72 32 74 64 66 18 50 94 48 44 82 58 16 70 78 50 2 16 8 90 14 8 60 18 38 12 16 46 22 72 36 20 24 34 96 24 36 70 98 4 42 26 88 24 16 16 40 18 68 66 40 34 72 22 8 100 44 90 78 72 64
100 80 46 44 56 70 34 56 88 40 74 8 8 4 96 68 100 18 46 48 20 22 68 8 70 22 66 40 6 50 12 28 12 70 72 90 94 22 36 34 36 10 20 24 8 70 90 22 84 82 24 2 58 100 6 94 52 12 84 74 70 90 4 2 50 48 2 38 36 56 42 76 100 72 60 80 46 20 36 44 54 18 74 20 100 32 82 36 10 68 54 98 82 18 66 42 58 80 88 36 96
100 18 60 30 14 78 38 32 72 40 94 4 68 58 48 94 22 10 36 12 38 66 14 18 98 26 24 58 2 22 40 82 62 88 12 86 32 98 92 32 40 26 8 58 32 54 26 80 54 74 8 20 88 42 50 2 52 12 40 70 24 42 10 18 42 46 100 82 94 52 14 34 46 100 10 100 64 64 40 46 80 62 58 34 34 36 68 84 100 44 78 68 38 4 84 6 88 22 12 64 100
100 38 12 100 82 14 88 54 34 64 8 22 34 56 16 20 76 22 16 44 34 66 62 32 98 52 60 64 88 84 16 50 86 6 36 56 12 78 46 32 94 70 74 100 72 62 24 10 66 16 78 76 32 70 18 82 2 60 2 56 64 70 6 46 8 6 76 18 98 20 62 58 30 44 58 42 42 4 62 76 58 54 54 30 6 60 64 54 52 96 56 10 50 100 70 94 12 16 44 6 60
100 18 80 80 60 92 96 86 98 68 96 94 2 60 40 96 50 82 86 96 8 18 98 64 64 16 62 58 84 52 54 68 22 16 42 26 90 98 56 22 66 2 88 14 62 14 66 70 4 36 14 30 96 84 30 86 12 12 58 2 42 94 40 60 46 38 80 72 12 92 88 46 58 40 34 100 74 4 66 22 2 22 34 52 80 48 34 6 94 88 70 78 28 74 18 92 18 42 10 76 78
100 8 14 8 66 14 50 38 42 46 38 88 34 28 40 68 10 58 50 80 48 94 74 80 10 98 36 100 92 24 32 86 70 6 10 54 68 82 14 38 38 66 6 22 70 76 76 2 36 88 90 64 56 76 14 80 38 56 62 4 46 20 32 38 16 32 72 28 100 50 46 14 38 30 44 84 26 94 88 30 4 20 42 56 80 60 76 98 8 28 58 76 16 2 94 78 98 20 48 72 90
100 80 28 94 88 62 84 60 44 60 32 82 38 96 84 30 8 34 14 20 62 66 82 2 56 38 2 70 90 10 80 70 80 32 44 32 20 60 78 70 54 82 48 94 34 84 56 8 74 62 58 4 74 30 48 40 86 2 66 54 4 18 38 64 84 50 36 68 28 4 96 38 74 98 66 64 72 10 32 18 22 66 86 90 6 40 70 52 22 98 32 94 8 20 70 6 30 84 10 86 60
100 98 30 78 24 38 92 68 54 24 90 54 20 34 80 36 64 46 26 54 16 34 86 76 24 90 74 26 4 24 86 74 66 68 22 94 26 6 20 60 78 32 64 80 78 48 90 68 30 100 82 80 86 64 80 26 92 48 6 24 6 2 46 28 64 98 14 26 36 82 70 26 50 42 72 96 48 22 88 52 50 84 70 6 100 26 46 30 34 34 88 2 58 56 68 32 28 14 24 88 50
100 34 20 18 14 44 64 46 76 22 36 16 38 78 18 66 12 50 50 66 30 90 82 90 98 14 8 52 34 90 46 36 42 14 42 56 10 2 94 80 16 66 94 28 72 52 94 88 82 14 66 60 38 44 2 44 32 52 70 12 72 80 96 50 44 50 66 2 22 8 30 12 4 32 64 10 12 40 96 54 50 80 16 10 6 6 54 40 58 46 78 96 26 6 20 4 4 94 62 66 28
100 72 82 22 38 10 8 82 96 74 58 14 64 68 44 20 12 10 54 70 90 78 98 40 30 98 26 66 48 16 36 80 50 10 32 46 46 38 92 12 68 98 70 20 42 86 84 80 28 16 64 24 42 44 74 16 18 36 78 38 46 32 8 72 16 32 42 22 50 2 30 10 98 52 28 46 68 26 16 28 18 64 72 92 54 32 34 22 10 56 18 22 28 90 4 40 18 44 20 80 8
100 76 20 76 94 4 24 2 90 52 80 36 88 16 10 70 38 48 70 52 78 20 84 56 24 70 60 58 76 54 76 54 32 40 90 88 16 38 24 32 14 54 86 4 24 90 62 34 42 6 52 86 98 28 60 68 40 46 24 94 84 8 82 66 24 42 2 64 30 30 100 92 36 32 10 84 78 82 24 76 76 88 40 52 88 88 90 90 90 68 98 8 30 98 36 44 2 86 54 100 6
100 18 36 12 36 54 36 10 74 70 12 40 18 4 46 80 52 10 82 78 98 92 40 50 70 68 96 44 2 30 66 90 96 62 48 8 100 70 72 2 68 72 14 94 30 44 78 24 24 52 34 16 82 82 50 4 56 100 46 32 14 72 44 4 56 44 54 40 14 62 88 54 20 100 64 82 58 44 40 58 32 34 32 50 38 88 52 86 2 40 12 4 64 100 68 32 64 4 78 30 14
100 28 90 24 84 76 62 56 96 8 98 30 14 68 96 60 70 58 14 38 78 88 58 70 4 74 10 2 46 18 16 78 90 14 98 6 36 36 48 12 14 30 68 70 36 90 94 100 10 96 86 82 22 66 48 50 10 92 24 28 26 56 64 16 42 58 98 8 4 18 86 6 16 84 82 74 30 52 14 46 6 8 40 12 52 14 34 88 38 86 80 94 20 32 14 30 2 60 86 8 34
100 40 88 66 14 62 34 46 20 36 26 16 48 18 66 56 30 26 44 46 44 6 96 18 94 70 50 80 88 64 66 30 54 24 64 80 54 62 18 68 6 56 30 84 4 66 82 28 56 38 12 44 30 84 78 36 44 6 84 44 46 2 52 66 32 100 62 76 98 8 38 62 42 4 12 58 20 40 28 96 98 22 22 96 58 26 28 12 8 16 96 70 32 66 96 28 72 94 78 44 90
100 76 46 72 24 42 26 74 22 22 52 30 6 40 88 78 74 36 58 48 74 16 72 44 74 64 26 74 46 82 70 76 28 34 62 46 18 2 26 40 38 76 84 76 18 60 60 86 2 70 98 72 56 66 30 76 44 54 78 54 24 98 84 52 58 62 54 54 92 86 10 12 18 20 2 32 30 18 86 52 16 38 50 88 94 2 74 74 98 50 36 52 54 72 34 64 20 26 64 74 4
100 40 96 80 14 30 34 52 38 92 100 12 2 18 52 64 58 12 16 98 48 76 62 58 16 62 24 68 60 92 76 8 56 76 4 40 16 94 10 70 72 76 98 62 82 52 6 54 6 18 44 78 48 22 44 12 18 88 76 90 12 2 46 40 2 58 30 8 40 36 86 26 80 96 6 4 58 70 18 18 50 28 52 72 32 68 58 86 60 26 56 26 14 38 88 66 26 86 62 2 80
100 68 22 70 20 74 50 78 76 24 26 8 58 92 10 92 38 64 24 36 56 22 98 24 74 100 2 20 86 96 56 72 100 2 40 6 84 28 94 56 42 78 4 10 78 68 6 24 46 96 90 68 74 14 12 98 82 40 74 6 58 20 18 34 94 26 26 12 24 100 78 8 20 40 4 40 90 100 12 38 100 8 74 84 28 34 26 98 90 60 98 38 92 22 20 14 30 22 32 94 50
100 48 96 20 22 14 66 4 50 18 4 50 76 78 18 68 92 76 4 28 54 44 42 56 16 82 78 32 38 56 28 2 38 62 80 78 34 90 80 18 58 52 50 12 94 14 58 60 14 38 24 74 70 100 92 72 6 4 28 42 76 96 88 86 6 40 64 72 26 6 52 34 10 94 2 78 16 52 74 28 12 8 60 80 50 54 14 70 8 24 84 24 34 82 36 56 84 26 78 54 56
100 30 44 92 66 8 44 58 92 92 74 52 86 20 52 66 8 72 6 2 92 18 48 6 32 80 58 60 30 38 34 8 14 52 64 78 24 42 100 96 6 92 32 4 56 30 74 38 42 4 90 12 32 10 10 46 60 52 96 70 12 2 10 30 10 28 76 60 96 66 94 90 18 38 84 28 66 78 30 96 4 66 34 82 88 98 18 16 70 70 40 14 16 8 30 58 76 12 32 72 2
100 2 84 2 12 24 38 72 68 12 78 50 30 98 82 8 82 16 6 66 52 26 74 18 70 96 46 18 76 58 22 18 26 100 100 50 82 14 98 52 12 8 26 44 44 92 14 88 52 44 98 42 66 40 14 22 4 90 70 72 64 90 92 40 92 26 24 88 48 20 58 54 48 64 74 72 2 82 70 46 98 82 20 42 76 80 50 96 6 46 88 46 94 34 78 22 2 84 12 94 60
100 56 18 24 6 34 62 52 88 10 60 50 98 76 70 100 68 64 10 8 18 88 58 18 52 60 62 24 96 98 60 36 70 26 64 34 82 20 32 64 62 48 26 70 90 68 10 60 88 82 18 44 4 44 2 36 10 8 8 18 68 54 16 68 92 46 78 20 84 100 98 8 96 46 24 54 14 32 58 88 56 8 94 96 38 76 16 8 60 100 20 80 36 42 2 24 6 22 100 64 14
100 94 50 16 66 94 44 98 36 66 50 6 48 38 72 88 14 14 72 30 52 64 48 4 96 74 10 8 8 50 84 54 28 72 96 24 82 84 22 78 66 44 78 86 80 88 30 34 14 66 86 92 38 82 30 46 50 8 44 70 74 84 56 78 6 92 62 42 10 98 22 28 60 24 56 18 98 76 40 94 80 74 44 36 52 56 54 70 56 50 32 100 8 62 72 28 6 94 8 28 36
100 64 14 2 24 32 50 38 60 14 56 78 38 86 82 34 26 68 18 4 68 14 12 22 26 62 50 30 38 52 6 52 40 54 32 90 16 30 86 86 68 12 16 58 54 58 50 38 48 16 48 8 94 88 30 90 30 62 54 36 10 50 48 58 66 58 72 58 50 6 92 52 2 14 94 14 68 50 32 58 70 96 54 8 16 60 90 100 12 60 6 80 72 44 96 40 12 30 14 56 10
100 24 6 6 66 16 10 68 18 98 62 54 66 76 98 14 20 4 66 74 48 48 70 80 6 62 32 4 52 22 12 56 86 16 42 84 30 96 42 36 20 82 6 20 18 38 54 26 90 40 38 72 36 98 38 54 34 98 88 46 76 70 2 78 62 90 14 34 8 48 44 42 50 54 12 16 90 28 34 34 6 70 32 26 92 24 30 14 82 40 16 88 50 36 86 58 16 86 40 34 90
100 92 88 82 2 60 8 70 98 84 92 82 98 48 4 28 42 68 82 68 36 80 72 58 16 62 18 74 54 88 50 66 6 28 64 86 10 70 54 26 64 62 22 86 54 6 42 24 80 18 6 100 4 46 40 54 84 72 100 62 100 16 12 34 36 80 52 68 40 2 34 44 92 80 96 80 28 40 76 58 38 54 60 44 76 94 90 84 92 92 32 72 60 18 20 92 84 86 36 14 6
100 88 44 34 78 82 40 26 22 78 58 100 88 32 78 50 22 34 56 30 14 4 78 72 88 26 38 76 20 22 26 20 8 88 76 56 24 16 18 72 58 78 20 96 56 48 58 96 92 36 26 88 52 4 86 78 66 26 54 82 32 36 16 2 16 30 42 28 78 6 82 84 32 42 22 40 70 58 74 94 56 94 20 20 10 52 34 36 76 92 48 96 20 68 88 16 42 34 40 96 68
100 92 12 86 54 52 22 58 32 58 58 2 58 82 8 36 78 82 58 36 64 44 34 12 84 90 76 4 30 52 74 44 44 34 96 74 82 92 60 58 60 82 46 50 80 98 46 6 72 36 88 46 56 62 16 74 24 82 82 2 34 26 14 66 100 90 4 22 54 80 44 92 96 76 86 24 46 74 98 88 6 60 10 4 34 6 46 22 40 70 48 54 74 68 52 18 40 72 48 32 26
100 64 32 68 82 56 32 44 50 40 54 22 50 80 34 86 22 20 6 76 80 66 86 58 56 100 2 12 50 76 28 94 18 28 52 50 100 74 98 98 54 90 50 48 84 36 76 44 66 2 34 26 80 26 54 56 34 52 64 66 96 12 26 82 58 74 22 46 80 66 26 60 20 56 94 56 10 30 4 88 32 52 66 72 78 58 18 100 2 50 38 10 46 90 48 84 18 2 52 76 8
100 28 28 22 58 54 56 54 12 72 58 20 52 6 38 54 16 32 42 78 38 26 10 12 12 86 36 32 12 90 80 2 64 70 58 42 60 72 50 64 68 44 22 58 64 24 28 84 24 32 22 14 52 60 46 56 34 58 68 70 14 80 30 42 64 74 20 18 92 36 82 30 12 84 22 72 24 92 26 12 54 44 82 62 92 68 92 42 84 46 6 44 50 8 68 22 30 72 54 66 94
100 84 16 14 80 18 76 90 84 6 96 42 58 56 52 70 36 28 44 78 14 32 96 96 12 6 16 94 66 68 56 92 40 96 52 86 76 80 66 46 86 78 22 88 82 90 30 2 12 16 44 54 46 64 4 34 26 30 14 74 96 16 56 18 22 16 92 10 10 60 46 92 54 26 4 2 70 64 90 78 64 90 26 94 2 68 78 48 24 74 84 22 20 78 52 82 46 78 96 98 64
100 46 10 70 94 80 20 20 10 44 44 86 44 26 98 66 96 16 78 32 60 10 82 68 38 76 76 40 80 60 90 32 58 86 12 80 36 22 14 36 96 52 26 68 74 18 32 14 70 100 86 2 80 32 56 94 86 14 88 18 52 58 54 32 70 28 96 14 36 32 80 74 20 70 84 84 22 92 96 100 34 8 98 76 86 86 92 46 32 50 6 40 98 12 96 46 34 40 66 54 44
100 80 76 14 12 46 6 34 34 86 8 72 84 46 84 36 62 22 56 32 36 36 20 52 84 24 6 48 30 48 44 20 12 34 74 10 42 50 100 38 38 38 24 56 14 28 92 76 42 34 62 18 42 36 14 46 84 36 50 92 60 68 52 88 4 44 14 2 12 66 58 88 20 62 42 2 38 44 20 18 86 14 76 12 90 20 12 18 16 4 66 28 14 68 54 74 82 42 42 30 58
100 90 98 50 48 86 6 54 6 76 20 30 60 70 36 62 44 24 80 86 50 100 40 60 74 78 70 54 40 32 12 92 74 78 44 62 24 98 88 98 42 86 16 96 56 54 4 26 40 56 76 40 24 32 40 40 14 38 2 68 26 40 72 34 100 82 4 32 50 62 70 72 94 98 20 88 76 20 50 68 88 100 52 68 18 42 54 98 28 2 16 32 72 52 42 8 50 32 40 82 56
100 44 66 60 62 40 36 76 20 90 2 84 18 64 74 98 76 32 10 56 12 50 90 12 32 24 62 66 100 82 18 14 20 78 94 40 56 26 30 40 74 54 96 52 58 20 30 30 26 44 48 70 80 68 62 64 62 92 20 84 14 28 72 32 64 28 30 86 12 94 90 48 98 92 28 12 58 50 22 32 50 78 24 100 84 6 82 92 68 46 76 88 72 42 10 42 18 42 68 68 26
100 12 64 70 24 2 12 44 62 8 10 68 64 16 90 52 2 4 22 90 24 24 86 20 72 70 72 70 78 62 92 10 82 56 32 70 4 96 52 94 76 52 42 90 22 48 72 6 4 74 14 92 10 76 38 64 30 86 76 98 26 38 98 78 4 70 18 14 100 24 18 90 82 86 84 44 32 60 66 58 16 52 40 68 42 76 70 40 78 62 92 84 46 50 10 90 86 10 56 34 36
100 92 76 92 16 40 96 6 10 20 18 52 48 88 38 86 98 12 98 44 30 50 46 100 86 58 48 90 52 36 68 34 34 56 70 88 62 22 20 82 44 2 70 8 26 18 16 16 96 82 14 98 44 80 4 18 14 88 100 32 34 58 78 74 24 72 82 34 60 72 40 42 8 10 44 54 90 36 12 48 12 72 6 72 96 20 90 14 14 10 98 64 48 26 10 32 80 22 24 56 4
100 92 74 90 62 38 80 50 32 76 28 80 86 82 96 96 34 40 42 44 62 64 54 38 84 78 28 68 4 28 4 64 86 68 66 22 92 24 70 34 36 16 22 64 66 26 20 8 38 4 2 46 84 50 8 24 32 20 96 36 26 48 6 90 38 42 78 78 4 94 92 42 72 68 86 84 96 14 38 58 82 100 62 34 100 80 66 60 68 54 24 20 34 96 2 48 70 34 16 46 38
100 4 30 66 20 26 22 32 58 74 8 66 36 82 46 18 78 34 82 92 82 62 82 28 26 14 86 76 88 22 88 16 14 88 70 54 62 26 28 58 46 10 4 12 72 78 8 94 38 62 66 12 72 52 26 2 12 46 72 24 92 58 52 40 66 36 2 86 58 94 98 4 86 86 76 58 42 44 52 64 28 6 94 76 56 96 4 36 26 42 32 8 10 78 50 12 86 62 66 34 46
100 90 86 100 30 34 6 8 88 66 64 50 26 92 46 80 14 48 22 16 100 68 10 34 30 72 62 10 94 80 100 52 16 98 100 84 40 94 100 64 6 76 70 4 30 4 30 98 44 54 24 24 10 78 90 2 32 54 24 14 48 68 22 30 66 32 78 56 44 90 34 66 62 36 86 100 82 38 14 20 40 18 90 84 60 36 54 80 24 40 90 82 36 18 96 86 62 18 94 20 94
100 20 62 62 32 8 48 96 82 54 38 86 58 32 76 70 10 26 82 52 2 70 8 96 16 12 90 24 78 30 52 26 64 68 18 32 24 6 52 92 62 76 88 90 30 64 80 42 24 52 24 8 14 18 60 28 50 16 44 90 10 34 56 52 84 64 36 54 24 100 46 6 42 18 86 94 12 30 10 80 98 54 86 50 64 78 58 84 4 94 38 2 90 84 54 48 46 22 100 84 6
100 75 96 72 75 51 3 96 51 72 24 12 99 69 69 84 78 99 90 60 9 81 54 66 21 39 69 84 27 24 45 90 78 39 99 9 99 30 66 42 30 81 96 99 90 27 99 96 69 45 12 12 57 69 30 51 84 81 75 60 84 9 24 96 6 99 96 69 75 30 72 57 51 15 69 12 75 21 90 51 63 84 36 51 78 75 48 45 27 99 18 36 30 90 30 96 60 18 24 9 36
100 54 45 21 72 18 48 24 75 30 18 60 57 90 33 45 18 33 84 96 72 84 60 57 87 6 24 87 12 27 78 48 42 69 15 57 24 72 6 18 99 30 6 84 72 84 75 96 6 60 27 96 90 90 84 42 63 18 87 48 39 42 51 72 33 6 78 18 30 66 72 6 57 69 60 72 81 81 54 21 45 30 33 99 90 36 72 15 48 45 48 87 24 6 54 48 84 93 42 33 99
100 3 51 36 12 27 60 99 87 12 84 72 54 72 72 54 27 96 15 33 42 24 99 18 24 84 18 90 42 9 54 21 90 84 96 48 36 39 45 78 96 24 87 15 36 69 75 84 96 27 90 39 81 24 9 84 75 96 6 45 18 99 18 96 93 3 24 93 69 42 81 45 6 72 72 33 48 93 15 39 36 30 30 66 45 93 48 72 45 81 30 75 81 78 21 75 87 75 18 84 15
100 6 75 81 3 12 96 30 93 87 63 9 24 39 51 72 12 51 21 63 18 57 48 36 33 24 6 27 18 48 96 24 30 30 48 54 75 12 27 33 84 21 24 84 27 18 6 15 63 75 90 12 81 72 15 51 3 57 90 66 60 93 69 51 57 48 87 18 96 81 3 66 69 18 90 60 66 87 18 87 3 75 39 18 93 30 12 18 42 81 84 12 33 90 75 66 6 75 84 45 15
100 30 90 18 60 57 66 57 39 87 63 9 33 93 51 72 51 60 27 99 72 12 27 18 81 42 9 12 87 75 33 9 18 96 93 6 9 81 54 90 54 93 81 36 6 45 54 69 69 87 48 99 84 39 36 21 45 60 96 54 51 51 63 54 72 96 51 48 48 72 81 48 69 30 54 18 66 72 72 87 78 18 78 30 66 93 51 9 36 51 30 39 96 42 78 90 60 99 99 39 81
100 42 18 63 66 63 99 39 63 54 9 33 51 30 45 33 81 33 66 72 39 36 3 51 3 3 9 66 93 60 18 99 78 6 30 15 45 9 54 36 60 81 9 78 81 21 33 21 39 3 96 42 24 30 42 9 81 81 75 90 96 87 57 51 48 27 54 6 96 66 87 66 18 39 78 63 72 66 84 81 54 90 54 75 6 33 21 78 45 21 9 33 63 12 66 69 90 6 27 75 24
100 81 69 45 60 60 3 42 57 48 99 12 36 72 33 66 21 9 54 84 30 12 33 48 18 48 96 21 78 84 39 42 42 30 60 9 33 93 99 54 45 90 42 72 42 36 78 57 75 21 9 66 72 36 99 24 48 9 9 27 12 21 54 57 21 60 57 60 75 93 12 42 90 9 54 81 90 78 69 96 57 36 6 69 81 45 69 99 30 54 96 48 27 15 12 33 6 18 30 78 12
100 45 42 57 21 78 45 9 45 66 96 39 45 96 48 36 63 72 72 27 15 42 15 39 54 18 15 39 24 72 87 15 75 75 12 69 87 15 18 36 90 9 93 96 27 75 15 3 21 72 48 78 51 75 93 39 48 33 93 39 66 30 93 93 15 30 21 72 60 27 39 75 72 78 51 42 45 6 57 3 66 66 51 27 3 69 24 72 72 78 78 72 66 30 36 87 66 90 69 99 9
100 60 6 69 24 45 24 69 24 21 45 27 69 21 12 9 69 3 6 30 69 45 96 30 6 9 9 51 36 57 6 63 60 12 69 57 75 78 18 21 72 75 15 27 69 78 69 51 27 72 48 36 27 36 81 36 51 87 93 96 30 45 36 15 30 45 36 33 81 42 9 12 6 99 45 9 15 63 57 99 66 75 57 84 9 3 12 93 96 18 90 69 90 75 75 33 30 30 21 27 15
100 63 51 12 18 21 36 66 27 60 18 69 57 69 21 81 42 24 15 24 18 33 42 60 12 81 69 63 36 51 15 30 72 81 72 30 63 21 33 3 54 12 66 57 66 30 57 27 69 24 60 96 69 99 96 9 48 63 93 24 99 81 3 90 21 15 33 72 36 84 36 57 36 36 93 96 36 48 33 24 93 12 90 6 36 18 72 78 60 48 15 75 9 6 87 60 90 9 24 81 18
100 81 9 90 51 90 24 93 99 84 6 66 60 81 27 9 57 48 54 33 66 78 57 6 36 51 93 60 3 12 54 57 81 96 18 24 42 3 96 51 42 33 60 87 12 15 18 75 66 54 48 81 96 54 60 39 75 18 42 6 21 84 87 15 75 36 66 72 81 9 21 75 54 36 60 6 72 69 48 51 42 78 96 33 72 75 18 3 63 57 81 78 36 96 54 54 78 84 75 30 48
100 36 39 45 3 27 30 69 30 90 90 57 51 99 66 27 57 12 96 12 12 27 48 51 48 99 33 45 30 57 84 33 66 12 42 75 9 48 15 15 15 60 60 42 33 24 81 6 42 42 21 3 18 93 54 3 48 78 99 9 27 9 87 15 84 36 60 18 63 69 27 33 63 24 12 78 30 24 27 3 6 6 9 93 96 12 51 42 9 81 69 54 33 3 21 99 12 39 51 81 93
100 99 21 81 15 78 45 72 66 42 69 93 21 36 93 99 42 6 51 30 24 18 15 24 87 51 90 84 60 30 78 63 48 78 33 81 48 39 30 51 30 78 84 24 9 93 90 54 69 84 6 30 27 63 33 12 63 63 96 87 54 6 12 3 15 54 51 12 99 15 24 48 33 21 87 6 48 54 15 72 87 45 18 69 84 30 78 63 96 9 66 12 57 63 54 60 21 72 6 27 36
100 96 48 30 90 54 3 51 75 72 33 81 30 6 42 6 96 3 60 6 99 57 78 48 75 12 30 51 42 54 9 18 36 69 48 87 66 69 21 33 84 72 96 69 6 51 42 39 72 93 96 36 42 18 99 84 57 3 36 63 45 45 63 12 72 27 39 3 87 36 15 87 87 30 6 27 45 51 75 66 33 99 30 96 75 87 81 51 3 27 72 78 90 90 81 54 33 30 69 45 60
100 24 6 69 72 87 21 48 39 54 18 9 63 81 90 30 60 96 33 30 42 39 30 69 18 96 48 42 15 78 33 3 54 18 96 60 24 96 39 9 3 33 51 21 78 54 60 27 63 72 90 93 48 6 6 96 87 78 18 78 24 6 84 66 60 33 6 18 60 81 78 60 51 18 78 78 15 72 54 57 54 69 87 30 45 9 75 21 63 3 27 42 48 30 30 63 72 3 99 72 78
100 54 45 66 18 27 42 6 63 87 87 27 6 21 39 99 6 45 24 12 21 87 81 6 6 27 69 24 33 72 75 21 93 51 42 93 21 54 54 33 96 36 60 18 99 21 54 60 75 42 6 3 93 15 93 33 81 12 18 42 60 81 27 90 18 36 63 84 54 75 18 45 42 33 60 48 96 99 3 39 63 90 48 60 87 39 36 57 3 9 96 90 6 42 87 96 27 75 21 78 21
100 45 24 36 27 51 36 69 27 48 99 99 42 30 81 27 36 21 75 72 9 27 42 42 27 9 9 42 24 54 99 63 30 9 81 42 93 51 93 27 24 45 33 39 3 54 96 99 81 63 69 21 78 21 60 48 12 96 21 27 33 69 75 39 84 3 48 60 9 69 30 33 66 87 18 30 90 6 93 75 63 87 24 84 99 6 24 9 3 78 87 36 39 93 42 81 66 30 45 27 99
100 18 90 42 45 87 33 12 36 30 45 63 15 39 39 81 54 72 66 33 72 66 33 66 57 42 84 3 66 75 81 12 90 36 90 18 24 87 39 63 96 24 12 27 75 21 69 48 15 57 96 87 87 30 33 15 33 33 15 81 99 84 45 24 66 78 27 78 39 51 30 27 60 45 54 54 60 24 60 36 30 54 66 72 45 21 57 12 78 60 9 60 69 84 54 36 42 45 84 78 45
100 60 24 6 36 30 57 42 78 96 45 27 51 57 36 6 33 90 48 27 42 84 81 9 45 84 27 18 21 12 69 78 51 93 60 45 36 42 33 57 12 78 54 21 63 45 90 21 81 93 45 63 84 9 99 87 93 6 33 21 39 6 66 69 45 60 12 21 51 36 69 42 9 69 6 18 27 33 66 24 9 78 3 63 48 78 51 18 63 12 60 27 9 90 42 33 99 75 54 93 51
100 78 18 63 12 6 84 12 69 57 66 3 6 84 66 96 72 99 6 24 84 78 42 9 48 42 27 63 36 72 6 30 15 54 36 78 27 42 75 57 72 48 6 48 21 24 9 63 66 33 69 99 12 33 39 15 93 57 66 42 27 81 51 63 96 99 9 39 93 48 63 42 45 51 78 60 75 33 27 75 27 42 33 78 87 42 3 39 39 75 3 93 42 33 93 48 39 6 90 9 87
100 63 75 78 93 51 57 69 39 33 60 18 12 30 57 90 39 18 99 27 81 33 78 72 90 45 60 75 78 42 90 9 21 30 3 39 93 18 36 54 93 24 69 63 81 12 66 78 15 3 84 15 54 60 78 12 69 51 96 39 60 51 39 66 45 63 57 63 96 27 81 81 9 54 12 54 9 21 9 63 87 81 18 60 15 66 42 96 9 21 78 69 84 81 51 42 6 12 15 63 84
100 33 21 36 30 45 54 12 84 30 84 63 93 3 6 6 69 99 18 42 39 84 66 93 9 18 54 84 9 99 48 66 51 54 84 39 84 78 51 63 75 21 45 78 12 48 84 60 87 9 9 9 30 75 75 63 84 96 15 84 84 33 39 6 60 78 78 12 42 84 33 33 63 33 60 54 9 57 93 87 66 87 6 69 87 36 93 51 27 57 18 87 90 33 54 12 66 81 33 78 3
100 81 99 60 72 6 21 96 69 78 93 21 99 51 90 12 84 54 33 54 3 3 96 66 33 30 69 39 63 90 39 18 36 21 42 54 63 60 57 21 90 9 33 81 93 18 84 75 87 54 78 84 63 57 96 48 60 63 78 18 39 75 93 84 27 99 48 18 24 63 81 27 24 51 51 66 15 21 24 45 96 15 90 84 87 24 33 9 3 30 30 12 9 66 21 60 81 48 18 18 30
100 69 81 69 93 42 84 96 54 54 72 96 81 63 75 27 30 12 9 6 27 84 81 24 15 84 51 42 60 45 81 39 63 48 60 72 87 60 42 51 57 81 18 39 87 24 48 99 3 12 54 6 90 84 6 33 9 24 69 69 84 93 57 66 15 45 21 45 90 66 96 81 57 51 33 30 57 75 78 36 57 24 75 57 9 15 57 21 24 84 81 51 99 48 39 69 66 3 48 57 3
100 18 12 12 30 93 39 33 3 51 84 69 24 36 6 90 6 45 60 3 33 48 18 39 96 6 99 27 87 99 93 99 72 9 51 3 36 15 27 63 90 9 36 15 93 18 27 3 72 63 75 15 63 81 99 3 99 81 33 99 33 87 3 96 66 81 78 33 33 57 54 93 60 9 84 3 60 21 15 6 24 96 66 51 87 57 3 27 21 99 57 18 69 9 99 75 87 39 9 90 78
100 78 78 57 81 3 69 45 63 39 96 12 15 96 63 27 87 27 78 84 12 84 33 6 3 6 99 84 57 9 81 42 45 39 33 66 54 30 36 63 69 36 69 54 45 3 81 18 45 96 30 3 63 90 3 75 99 18 15 9 75 81 48 96 54 12 51 78 78 24 33 27 75 42 66 72 30 33 27 39 21 24 51 9 24 33 39 3 15 96 75 27 3 72 30 6 6 18 81 75 54
100 78 24 78 93 63 93 39 24 96 90 45 66 90 90 45 15 15 45 54 3 30 72 9 12 75 6 72 27 87 12 87 39 3 6 69 21 99 84 42 96 96 66 57 42 72 51 48 72 63 18 48 45 15 36 48 93 27 30 21 93 63 81 6 15 96 69 36 54 87 36 33 57 78 96 30 15 9 15 3 30 51 84 27 54 96 39 18 93 84 51 57 24 18 33 24 66 12 66 66 57
100 12 51 3 36 99 9 3 57 93 93 96 12 90 63 3 75 78 75 30 36 48 90 99 75 3 30 84 45 30 84 60 9 30 84 99 63 84 24 21 45 9 9 90 54 99 51 54 51 24 15 18 6 12 90 33 78 81 66 24 18 33 48 66 72 93 54 15 33 69 9 69 6 90 9 27 30 66 6 93 39 42 30 96 99 3 48 6 96 96 18 60 81 54 3 33 72 45 9 81 87
100 33 18 69 15 96 9 36 15 99 30 42 60 39 30 84 72 15 24 9 96 12 21 96 51 66 12 9 3 12 84 18 87 75 45 54 84 21 60 15 48 90 93 45 63 42 6 18 24 63 48 99 39 51 21 90 72 30 15 18 36 48 36 39 78 60 81 6 12 78 39 9 84 3 18 69 42 48 63 75 78 78 99 66 54 84 60 81 90 12 33 84 66 81 60 39 66 36 39 30 69
100 6 99 24 30 33 90 9 87 96 72 39 24 9 75 42 96 27 93 93 30 63 96 99 51 48 75 81 33 60 96 69 78 36 27 72 48 24 57 69 60 42 75 51 42 12 99 84 66 54 75 27 21 27 90 63 27 3 6 18 51 6 69 45 90 9 30 3 24 75 57 24 48 90 69 12 60 30 63 24 51 18 48 48 21 96 63 42 15 9 3 90 96 90 18 81 9 21 27 57 39
100 12 30 69 63 75 54 78 45 30 48 42 21 75 96 78 87 63 30 90 39 60 30 72 6 63 45 21 69 63 36 84 15 81 39 90 9 60 66 99 93 12 51 81 63 69 12 72 93 45 6 63 57 24 99 93 63 18 69 93 45 60 93 54 48 33 90 87 69 90 96 99 3 45 45 66 75 6 69 66 39 78 90 81 18 60 42 15 90 66 45 39 90 33 45 99 12 21 18 42 21
100 99 42 6 57 57 12 48 93 66 54 12 78 48 9 90 33 39 96 93 60 45 66 12 42 36 87 75 87 45 72 72 54 45 87 66 87 78 39 72 48 6 90 33 90 69 15 21 63 3 63 45 27 63 15 69 45 48 75 93 87 96 84 81 24 42 87 78 93 48 21 12 99 60 84 81 24 78 75 93 42 24 9 27 57 99 39 99 60 36 84 42 93 72 69 63 24 36 81 21 9
100 90 21 57 27 99 45 84 18 63 21 36 15 48 48 42 84 57 6 72 99 9 78 42 12 3 57 93 42 30 90 87 78 18 51 3 36 81 96 69 48 33 81 48 39 39 57 66 9 48 15 63 42 21 81 15 78 24 39 66 51 39 84 15 48 78 48 66 42 15 63 30 12 78 42 69 45 36 45 21 15 39 30 93 66 36 36 51 63 54 18 75 45 12 96 72 69 12 15 42 30
0
