100 45 54 99 36 81 27 51 54 96 75 30 42 12 6 60 6 66 3 63 15 60 33 84 12 63 33 18 87 93 81 15 6 18 27 15 30 99 18 39 27 87 57 27 54 48 12 42 75 48 93 15 15 99 18 27 27 66 39 30 24 63 48 54 24 84 24 3 42 48 15 75 99 18 24 78 69 63 93 57 9 9 96 93 30 24 21 33 78 90 75 81 93 63 72 3 69 99 39 57 42
100 99 48 18 9 15 69 3 51 57 18 54 6 24 78 66 75 60 51 81 84 18 30 33 57 90 57 90 93 6 6 48 9 21 3 9 48 96 99 99 6 12 36 90 54 54 57 87 48 45 75 54 66 63 78 39 57 30 36 99 96 57 21 15 27 84 12 39 21 42 54 24 72 30 84 36 3 84 30 90 21 18 6 39 18 69 48 9 57 27 42 33 96 9 39 78 84 27 63 21 33
100 3 24 78 48 87 51 57 42 36 51 84 93 57 63 36 48 39 21 3 57 51 99 36 6 63 87 96 3 45 3 69 39 30 84 42 15 54 72 21 66 48 81 99 18 24 45 51 84 72 18 54 78 66 75 99 54 72 12 72 99 90 39 87 90 63 81 18 21 90 93 51 39 27 81 45 27 99 69 78 51 90 84 33 51 15 42 90 30 12 6 81 57 42 72 6 69 18 27 54 93
100 54 54 45 84 60 60 63 24 63 72 33 78 6 6 48 51 84 15 78 21 24 39 33 93 24 39 99 12 39 27 45 93 69 51 21 9 12 33 87 42 63 39 39 69 63 18 33 87 60 30 57 3 27 33 45 36 33 66 39 90 42 12 6 42 54 45 36 15 21 42 54 12 57 12 9 39 18 72 57 75 78 9 6 9 90 42 15 93 51 24 57 84 30 12 36 60 36 66 18 57
100 96 93 90 42 18 93 48 81 75 3 42 57 72 45 99 93 75 78 27 36 45 93 87 39 27 6 63 84 18 84 69 6 66 6 57 63 33 78 9 3 66 93 93 69 36 45 54 90 99 63 45 6 96 93 78 45 63 33 75 42 96 33 78 84 87 27 54 66 96 57 6 57 9 75 33 84 87 21 90 90 99 33 48 3 54 75 72 63 9 21 24 93 93 81 75 3 42 66 15 3
100 60 63 54 96 30 93 39 48 18 3 9 36 48 66 63 9 42 60 99 33 63 45 63 96 42 72 30 60 36 90 48 90 6 69 96 15 48 90 6 33 15 18 45 9 3 6 75 36 75 45 27 93 60 42 84 36 21 42 18 24 63 51 45 42 24 90 6 81 96 42 87 78 69 66 21 69 36 93 84 75 84 87 60 24 9 3 96 3 84 6 96 90 90 3 99 87 81 27 27 15
100 9 99 96 78 27 18 6 51 60 99 33 72 84 39 51 69 96 93 51 3 48 18 33 99 63 75 33 75 69 78 21 36 87 36 81 48 45 30 45 51 93 93 54 78 15 9 21 45 66 81 42 12 9 45 87 30 12 90 90 93 3 60 18 6 60 69 15 36 96 6 39 87 96 99 48 24 72 30 57 96 63 45 33 84 63 42 57 93 36 75 30 36 15 96 9 81 45 69 93 54
100 87 18 18 15 45 81 15 63 66 87 75 21 66 90 42 60 57 21 36 96 45 60 57 6 87 96 81 48 9 9 69 96 39 15 6 60 6 69 18 6 9 78 96 66 42 48 24 96 66 66 96 66 3 87 54 21 3 51 15 42 93 15 72 24 66 63 60 78 54 33 75 66 21 15 57 6 69 93 36 87 48 39 33 93 48 15 45 90 36 42 54 12 78 54 51 75 81 27 30 84
100 6 75 78 21 78 90 18 63 24 27 9 21 42 93 33 63 33 21 75 33 45 24 57 78 48 45 60 57 27 66 18 3 93 57 39 60 39 60 45 6 81 75 24 3 84 99 90 48 48 18 45 36 69 27 48 57 39 69 84 60 15 12 57 90 39 93 3 15 33 78 21 99 45 66 27 42 9 63 54 15 81 24 45 45 54 72 42 51 3 78 30 18 66 69 18 3 6 18 66 78
100 81 84 81 3 57 21 51 66 51 45 57 99 45 42 51 30 78 24 72 15 51 18 45 66 99 75 51 15 69 63 30 36 48 24 63 72 57 33 69 45 63 93 24 18 78 6 21 15 87 93 69 87 87 51 51 21 57 60 9 3 15 27 15 39 81 66 21 51 30 90 96 30 36 3 30 36 78 9 93 54 12 45 30 78 51 21 90 96 45 33 54 66 69 36 27 15 48 90 39 6
100 57 84 63 78 33 9 12 96 87 36 96 39 39 96 93 33 90 3 15 15 42 51 45 96 42 81 81 69 12 36 66 54 3 87 84 36 24 45 48 84 69 9 36 96 96 30 27 63 96 45 60 6 99 48 33 96 6 6 54 3 39 78 78 9 45 87 54 51 21 81 27 18 51 3 3 96 51 48 33 42 72 69 6 66 30 75 72 36 84 39 33 6 66 3 24 87 69 12 48 75
100 48 84 33 18 6 21 3 48 60 75 63 27 66 54 69 24 90 15 27 18 81 99 42 78 15 99 42 30 81 33 75 27 60 48 84 72 24 12 54 45 21 84 9 81 27 63 87 51 90 63 21 72 66 72 9 72 33 69 3 99 72 24 12 75 99 24 81 60 60 99 93 66 93 18 42 51 39 57 93 51 42 81 99 45 57 15 21 57 99 81 57 78 72 69 78 87 36 3 21 99
100 27 6 12 51 39 21 12 15 54 69 3 45 57 48 75 96 18 45 42 90 81 15 21 42 15 12 39 15 3 36 69 27 36 75 60 90 21 96 6 27 39 39 57 9 87 36 48 54 66 99 30 33 54 9 21 51 15 3 48 63 42 45 57 30 36 69 93 45 72 96 18 6 27 42 18 15 33 24 63 15 72 45 75 60 3 24 60 48 90 60 87 9 90 15 18 36 90 30 12 72
100 45 81 24 63 33 72 63 3 30 33 3 42 12 81 36 33 33 24 99 57 54 48 69 87 15 84 3 15 96 78 48 3 69 57 3 48 36 21 27 75 96 45 30 12 72 93 51 45 30 3 39 54 9 36 39 54 24 57 51 54 66 18 69 12 9 27 15 54 33 72 18 36 78 66 60 99 18 93 45 66 42 6 9 66 18 99 81 87 60 75 27 63 6 96 63 27 78 57 96 21
100 30 54 21 66 24 90 30 72 9 12 51 57 6 60 81 48 75 93 15 81 3 60 69 78 63 3 72 63 39 69 3 60 12 12 36 33 84 75 45 81 63 36 96 69 21 9 9 84 36 48 90 33 81 57 54 45 96 78 33 66 51 69 75 54 27 6 42 27 42 66 12 39 48 60 36 72 99 15 87 9 6 33 84 36 24 93 96 39 93 72 33 57 81 36 51 42 99 99 36 66
100 90 30 33 21 51 9 57 24 39 90 96 84 81 63 36 78 69 57 12 24 51 6 21 36 69 36 57 51 87 96 99 21 6 63 96 39 42 6 60 18 90 30 42 36 12 30 36 90 54 99 63 27 45 78 69 63 60 27 42 57 39 30 75 48 33 3 21 69 63 90 69 60 48 93 27 21 54 3 12 15 96 21 9 48 57 9 99 81 96 18 42 75 18 72 54 3 12 78 78 69
100 84 15 51 54 15 36 90 93 42 33 15 75 60 66 36 93 72 72 54 48 81 72 18 81 90 12 60 93 87 57 84 96 54 12 36 9 45 30 27 42 30 72 81 84 78 12 84 60 93 78 33 24 96 15 51 87 45 60 33 18 66 9 51 24 51 90 21 69 90 48 66 63 30 24 57 69 72 12 69 87 78 42 75 90 51 84 72 75 45 39 60 99 45 87 90 75 99 81 93 99
100 66 90 96 81 54 27 42 9 18 78 72 36 3 24 36 63 30 99 21 81 57 60 57 45 90 60 3 75 42 3 51 51 6 63 33 45 54 39 60 42 21 3 93 87 57 69 60 63 27 3 96 72 18 39 6 66 9 51 33 60 60 93 6 93 42 12 63 54 39 45 75 78 96 60 42 48 42 81 30 84 24 12 18 12 3 27 72 63 99 87 18 87 42 54 27 66 42 78 30 12
100 3 15 78 66 18 87 69 78 21 24 36 18 27 51 66 87 69 48 30 45 60 84 42 45 6 96 30 57 54 54 51 3 93 48 81 84 18 48 57 54 84 39 39 27 45 81 36 33 12 51 15 33 63 66 9 18 18 33 99 21 33 42 9 33 60 99 39 24 12 36 81 33 12 24 3 27 72 18 75 30 33 75 87 84 72 30 39 42 60 81 27 84 30 45 27 3 3 54 84 69
100 57 69 21 3 36 51 30 66 27 24 54 72 45 48 18 27 90 57 24 48 15 39 21 51 87 3 90 6 42 24 54 33 99 18 24 48 33 42 60 69 6 81 18 15 42 63 87 18 42 30 57 96 12 45 90 63 45 36 9 3 51 30 99 75 99 42 30 6 87 39 33 60 93 36 33 96 81 30 90 57 48 3 84 57 12 87 6 21 99 72 30 27 24 27 6 6 30 36 78 90
100 57 99 87 6 63 57 30 12 24 6 90 24 36 87 45 3 90 93 33 60 87 39 78 15 57 99 33 30 99 18 6 21 57 57 63 99 96 90 27 18 60 45 48 66 72 84 90 48 18 66 99 42 69 15 6 33 60 54 36 51 21 42 27 75 21 18 9 36 93 54 27 96 81 30 39 87 45 72 33 33 90 69 66 6 21 66 57 54 27 66 99 99 18 15 66 99 18 18 12 45
100 93 63 57 30 90 18 39 78 87 36 87 45 72 21 45 93 78 18 72 99 48 15 87 45 87 63 42 21 6 33 60 81 24 78 42 60 66 39 51 39 39 57 72 21 66 24 48 78 93 51 3 9 54 18 9 75 96 15 66 87 3 60 93 60 33 60 75 18 51 57 12 27 18 51 66 21 3 69 66 9 21 45 66 60 87 69 9 12 99 30 69 42 30 21 96 96 21 57 39 60
100 87 51 78 12 87 93 12 78 9 66 24 72 93 18 30 48 84 21 33 75 75 9 36 18 81 3 51 36 87 51 24 6 90 3 84 18 39 27 66 63 81 9 57 30 84 90 63 12 39 84 90 93 99 30 6 36 15 75 66 75 33 6 18 90 51 75 81 24 24 84 72 9 42 84 75 81 96 6 9 96 99 69 15 39 75 39 90 66 90 60 27 24 39 75 6 21 84 30 60 6
100 48 9 12 6 93 21 51 24 75 18 51 42 93 39 21 12 42 90 99 84 60 60 69 3 75 66 6 99 33 69 90 99 15 81 24 27 63 57 96 90 93 15 84 99 27 12 78 6 36 75 54 21 48 24 3 72 81 36 78 69 60 42 33 51 3 33 51 12 33 66 3 27 3 27 57 12 72 36 99 93 63 54 54 93 36 66 24 78 21 69 99 42 57 81 33 72 9 51 87 84
100 24 15 51 90 87 93 99 9 33 72 9 12 15 87 72 60 15 9 63 66 42 99 33 75 33 45 15 99 9 69 30 57 27 75 3 30 69 57 18 84 60 81 30 48 27 39 78 99 21 84 66 69 12 30 63 42 78 69 63 69 15 15 75 48 87 69 42 12 30 66 12 54 18 24 60 51 78 15 30 75 36 81 30 99 15 78 90 51 3 72 54 63 78 36 6 66 63 75 90 63
100 57 84 54 48 33 93 27 9 54 45 15 54 42 99 48 12 81 72 9 90 66 81 87 12 24 9 9 72 15 90 27 21 72 81 66 66 18 12 15 87 42 78 36 45 87 99 81 21 72 57 87 66 78 30 93 36 54 60 24 51 48 27 96 33 54 51 54 18 99 63 30 75 93 87 57 93 99 9 30 30 42 12 42 54 9 66 42 93 48 90 60 69 75 81 21 81 66 69 69 63
100 33 66 66 45 81 15 75 54 57 36 63 9 84 87 72 27 15 54 51 54 12 96 84 42 72 75 45 66 24 78 81 99 54 21 27 3 24 21 45 78 12 6 24 48 9 36 48 54 75 18 99 42 54 15 6 60 63 39 69 84 30 81 9 51 18 57 6 81 84 69 12 84 81 15 90 27 72 90 72 9 3 9 6 93 45 15 18 96 3 81 54 63 45 93 60 81 75 75 42 39
100 45 99 12 27 9 75 21 87 93 24 9 27 87 63 24 99 3 30 75 93 72 72 69 78 27 84 99 72 42 81 57 63 42 36 15 72 84 54 9 78 18 60 87 27 3 12 60 18 84 87 9 18 3 72 9 90 51 36 12 45 18 90 75 66 9 12 60 84 96 90 51 15 72 36 3 66 21 18 24 36 51 27 24 12 33 90 54 60 87 57 72 72 93 36 78 30 93 60 48 99
100 6 24 63 96 51 54 60 9 27 69 45 33 87 3 51 72 6 9 27 78 69 6 42 84 18 63 72 42 45 18 36 30 99 42 45 84 96 45 69 72 15 99 57 66 81 81 57 54 39 90 81 69 9 24 69 66 33 60 51 3 48 36 66 3 60 33 3 69 24 84 21 39 72 81 36 12 36 87 63 51 66 33 27 48 30 48 63 90 21 75 75 87 60 6 9 87 60 6 60 51
100 45 78 96 21 78 57 42 15 24 69 45 99 3 6 9 45 54 30 63 33 78 18 42 81 33 33 12 30 93 57 12 9 66 12 66 60 12 87 75 96 75 60 12 90 12 54 3 36 39 6 72 12 87 84 21 57 6 66 9 57 99 15 63 60 66 21 27 24 60 42 66 51 24 63 96 84 90 36 48 24 30 72 63 54 9 90 90 42 78 9 48 72 63 78 84 12 30 12 45 69
100 75 21 93 99 72 9 21 18 93 63 81 90 12 90 33 57 27 45 48 27 69 9 27 48 39 6 69 69 36 72 18 9 9 84 63 21 30 27 54 78 87 63 21 42 45 90 57 9 15 57 66 24 63 45 21 12 33 75 18 15 72 60 72 72 75 48 54 21 54 12 27 90 12 18 75 66 96 87 30 69 39 42 99 3 24 39 21 21 36 45 81 30 39 78 39 18 6 66 12 48
100 27 66 6 93 45 63 66 42 90 60 63 60 72 27 51 60 57 39 48 27 84 27 42 87 33 24 54 84 30 69 75 3 18 48 18 18 93 24 69 24 42 54 21 9 51 27 93 3 15 90 3 30 75 84 63 36 72 6 63 27 51 21 33 81 93 72 99 81 24 99 69 21 75 12 6 57 72 84 51 24 51 75 9 99 90 6 69 90 63 54 90 42 84 84 84 36 69 18 72 9
100 18 54 48 81 57 39 87 15 42 12 45 72 33 87 12 90 51 45 6 87 27 45 30 3 24 42 84 48 78 60 93 75 24 36 36 15 51 99 3 15 78 15 33 6 63 54 93 27 18 69 66 9 12 24 48 66 69 48 96 18 78 36 3 66 78 15 84 24 15 81 9 18 90 9 54 6 60 24 78 39 90 57 18 18 33 6 84 81 93 60 3 60 57 15 81 81 18 87 12 18
100 54 30 18 78 15 45 33 90 9 75 78 15 84 45 36 39 48 48 6 75 99 39 54 78 66 36 84 36 84 90 27 78 18 39 66 24 78 12 54 45 81 93 45 21 81 18 27 18 45 51 75 81 99 45 99 84 84 27 78 9 51 99 48 81 3 60 21 90 3 48 45 30 60 69 36 96 60 42 15 21 9 57 90 93 42 66 81 51 57 33 36 96 72 96 99 18 78 72 9 63
100 33 45 87 42 39 51 87 54 54 87 27 27 9 33 39 21 96 6 60 6 69 6 36 75 84 78 18 42 75 39 69 99 42 39 39 87 27 99 54 87 12 75 99 66 24 12 51 57 75 48 39 48 48 18 42 48 60 72 42 48 93 99 9 30 42 39 72 45 48 99 24 36 30 15 42 9 45 48 57 33 54 12 72 48 3 60 54 54 18 66 18 54 60 12 9 54 9 69 36 90
100 99 33 93 45 6 36 21 27 69 57 99 57 51 33 12 99 45 51 33 6 3 18 66 42 30 90 42 60 75 60 48 90 90 24 3 39 57 6 24 48 18 30 33 69 48 66 72 72 42 21 87 9 12 69 81 87 42 99 66 75 3 90 12 48 48 30 63 78 75 57 27 21 15 81 75 72 63 81 51 21 48 18 57 84 15 45 42 60 87 93 99 60 96 12 96 48 93 21 72 9
100 72 9 33 57 9 72 12 72 51 66 81 81 66 99 15 9 18 66 54 93 78 12 6 93 12 78 78 54 96 48 60 36 75 39 33 3 48 42 6 69 42 9 60 6 90 81 6 60 69 18 75 21 57 81 48 84 84 66 78 78 15 21 48 63 6 24 99 24 75 72 96 90 78 48 51 75 30 30 27 18 96 84 39 90 81 36 90 99 6 51 12 9 6 51 90 72 90 54 54 15
100 69 27 63 9 60 99 42 39 96 45 66 75 57 75 75 60 69 36 15 45 12 42 72 36 84 63 99 99 84 30 51 78 15 9 45 69 78 84 87 72 90 18 96 57 12 39 63 90 30 27 93 51 66 63 75 39 84 21 42 15 81 72 63 66 6 84 45 12 33 9 54 6 78 45 99 39 30 24 99 51 78 72 30 36 72 21 96 75 87 21 90 96 96 33 54 51 93 36 60 54
100 66 81 45 63 27 45 84 39 42 3 39 72 72 75 33 90 51 45 84 30 33 96 57 51 24 96 78 12 99 87 72 84 27 81 75 84 93 54 66 57 21 75 99 42 42 24 27 21 36 87 66 69 42 93 60 21 21 90 63 6 54 42 3 27 21 69 51 60 3 66 90 75 87 84 15 81 75 87 66 90 6 90 78 39 93 18 51 93 6 27 24 48 45 96 69 48 63 51 66 45
100 9 75 57 81 75 78 90 36 81 45 24 69 51 75 15 30 30 66 30 99 3 51 57 54 75 27 93 69 78 66 39 12 81 57 30 36 33 75 78 3 51 12 27 33 9 45 54 30 78 75 3 57 63 54 6 30 3 69 78 66 81 63 51 81 69 21 90 54 6 75 6 21 27 27 12 75 9 96 48 90 12 27 54 24 57 60 36 15 72 84 93 84 42 96 15 72 3 30 15 84
100 6 51 81 66 30 12 18 57 96 99 33 69 3 24 39 21 57 96 9 69 6 63 42 42 60 69 39 3 87 39 57 63 42 78 57 30 96 33 63 33 90 42 18 21 78 93 72 45 33 93 15 30 18 57 6 36 63 90 48 15 84 24 45 21 78 54 21 39 33 63 57 12 45 42 39 9 42 18 21 51 75 66 69 12 81 6 18 6 60 39 81 30 54 99 54 81 15 66 90 42
100 96 66 84 63 57 99 66 42 12 27 93 93 27 93 51 84 24 36 39 21 9 9 18 9 90 84 93 12 60 69 99 42 57 84 33 81 39 21 12 42 87 78 18 18 69 15 6 93 18 36 3 12 63 3 93 3 21 42 57 42 72 60 12 15 6 75 57 33 36 96 12 54 51 36 30 81 39 75 75 72 36 18 87 39 21 54 90 21 54 57 9 6 81 54 3 48 78 84 24 45
100 51 3 39 6 45 57 96 48 42 36 57 42 60 39 54 30 30 12 54 81 81 36 36 96 90 75 12 9 24 90 33 63 30 63 30 33 42 66 48 60 51 75 69 57 78 18 57 36 18 33 66 39 27 9 63 30 51 99 84 39 51 81 78 66 42 9 27 39 81 93 12 90 84 60 21 72 18 63 90 45 84 24 90 24 21 87 57 87 90 54 3 96 84 39 3 36 90 81 60 90
100 24 3 93 6 42 78 6 81 57 72 21 45 54 66 33 99 72 48 90 57 18 27 6 66 6 93 90 78 78 72 15 3 21 3 9 63 6 6 75 93 72 54 9 9 78 6 27 60 21 81 78 15 27 81 6 27 87 54 63 30 42 51 36 75 75 93 18 54 75 75 66 60 45 18 15 24 78 18 18 78 60 87 99 3 6 87 81 15 63 36 90 6 57 33 93 84 51 15 48 66
100 72 69 87 87 30 39 30 48 78 21 15 21 36 72 15 48 54 66 99 81 93 33 30 9 45 6 99 81 15 48 63 27 15 27 57 9 63 24 69 75 66 72 3 72 63 51 81 69 36 3 39 75 45 45 39 72 24 90 9 45 30 66 24 66 81 33 33 45 9 63 39 36 99 6 15 9 84 78 39 51 66 3 72 78 42 3 15 75 27 90 15 6 54 12 96 99 93 9 66 96
100 84 3 93 63 12 93 60 57 36 21 90 51 12 72 72 81 18 51 42 81 84 99 24 33 66 33 24 3 75 24 69 48 12 27 99 75 84 3 12 66 75 60 84 63 27 18 30 21 9 48 24 39 27 72 42 90 84 45 42 30 21 33 54 9 57 60 54 69 6 90 84 15 21 87 48 45 87 3 51 93 18 60 42 21 51 33 24 21 36 90 51 9 3 6 39 78 60 57 60 18
100 87 66 18 12 66 18 21 30 45 36 33 51 63 60 12 6 45 84 96 66 33 9 9 15 24 90 15 66 27 96 39 69 39 9 57 81 30 57 81 99 87 15 84 63 66 9 63 45 57 21 63 30 30 99 84 6 51 39 78 75 51 99 9 39 24 66 75 24 12 75 84 78 9 36 75 93 69 45 78 99 99 63 33 12 48 81 75 78 78 9 45 81 21 30 57 54 84 39 57 24
100 30 93 9 90 15 42 51 18 24 39 54 60 45 90 21 30 36 15 30 90 9 69 57 60 33 78 42 18 48 42 81 72 66 99 90 57 69 96 18 30 36 33 33 6 39 27 75 60 30 63 6 18 99 21 15 66 63 27 72 57 54 90 72 93 69 42 78 18 60 84 48 87 78 27 48 90 75 57 78 12 78 21 21 30 3 18 33 12 45 30 81 18 96 33 84 84 27 72 39 90
100 12 99 72 54 78 15 3 93 66 33 96 42 66 72 39 30 57 72 39 57 84 66 12 90 6 39 21 69 72 72 69 21 87 15 45 45 9 6 9 78 72 18 57 27 99 81 99 18 66 45 48 18 66 21 39 96 18 69 78 3 21 12 78 27 48 54 60 36 15 30 69 3 36 99 21 24 99 93 3 96 75 33 24 63 9 36 48 21 33 60 54 54 21 90 9 54 48 36 87 18
100 18 93 93 60 66 51 21 15 90 54 54 9 30 45 51 75 48 93 66 48 60 18 81 18 21 15 57 51 24 33 39 33 36 84 54 75 30 72 30 6 30 63 21 69 36 99 66 18 15 27 99 81 99 12 57 6 96 72 66 12 78 18 72 90 99 99 24 51 78 45 69 78 75 81 30 6 69 75 51 66 54 69 36 24 63 33 21 42 48 90 15 54 63 78 45 99 42 48 24 51
100 15 75 84 30 24 66 51 45 33 24 81 15 54 90 84 42 84 9 81 45 27 12 18 42 60 66 18 3 99 21 90 51 12 93 42 84 81 48 51 15 78 90 63 78 48 9 27 12 18 57 45 30 81 18 69 51 96 72 18 15 57 48 27 18 39 39 24 39 84 3 54 69 18 60 51 27 12 24 18 39 81 75 66 54 6 9 96 9 99 36 36 99 6 3 6 99 12 21 69 78
100 57 18 99 84 60 75 12 60 48 66 99 57 39 54 93 51 24 63 54 3 99 69 15 99 51 99 90 87 48 90 63 72 45 24 93 3 6 24 75 36 30 6 6 87 90 57 87 84 72 45 63 30 78 54 78 24 39 99 84 60 21 51 81 9 87 72 51 78 72 69 93 42 93 36 12 90 9 81 30 6 78 99 18 48 96 63 12 63 69 33 87 3 45 30 54 3 96 45 48 18
100 72 66 45 18 24 60 36 57 93 9 42 6 33 66 39 72 33 15 27 81 51 6 69 39 21 36 24 81 42 3 51 24 45 3 15 72 78 99 90 81 96 45 3 39 87 90 66 27 33 96 63 96 3 6 39 93 78 84 9 42 78 75 84 33 21 54 18 66 60 69 54 21 48 93 9 3 54 6 30 45 27 66 3 90 72 24 63 72 39 21 57 42 96 45 48 63 69 21 51 9
100 30 27 60 69 39 27 60 96 93 30 48 24 15 36 9 81 96 66 78 57 57 63 42 27 84 27 27 81 96 60 33 21 42 9 9 84 90 60 21 45 39 39 30 3 39 87 90 15 27 87 15 12 36 30 48 27 18 27 39 63 87 39 33 24 84 48 87 48 51 99 87 87 24 9 39 39 18 39 15 66 57 51 24 75 45 75 81 6 45 21 78 69 87 9 51 3 27 3 3 84
100 66 18 30 93 18 63 33 39 54 18 87 18 90 78 9 51 15 66 3 36 96 27 27 27 93 39 54 84 54 9 30 12 93 60 93 81 45 93 54 93 12 93 45 9 60 90 51 33 60 93 87 54 87 36 39 84 12 45 42 60 69 18 66 18 42 90 63 6 21 18 87 81 48 33 54 87 69 93 12 66 72 54 45 93 69 45 27 36 6 9 15 69 87 3 69 12 63 9 45 96
100 36 39 96 72 84 90 69 60 36 99 27 93 63 36 36 45 9 87 87 18 36 90 69 96 3 42 63 9 72 21 36 48 9 63 75 36 57 54 78 57 24 51 15 27 93 99 72 84 60 81 30 33 60 87 12 42 6 33 48 75 45 99 6 96 24 96 54 96 48 6 63 75 9 24 36 21 45 39 21 57 15 24 66 93 12 69 75 6 51 51 96 60 66 39 24 36 27 21 66 12
100 51 54 18 21 72 12 93 78 75 87 27 12 21 99 66 78 60 36 27 39 66 30 54 42 90 3 93 81 15 6 15 6 84 21 36 36 87 45 36 90 42 84 18 87 66 87 84 93 21 27 57 27 51 6 45 27 30 18 15 6 18 66 36 48 48 21 51 84 3 99 27 9 30 90 21 45 87 96 99 75 30 57 45 84 81 15 54 57 96 27 51 84 78 3 84 45 75 87 36 36
100 9 84 18 96 18 81 9 54 9 45 6 27 87 18 48 75 6 54 51 66 66 24 15 87 39 45 87 18 42 15 12 96 69 96 87 57 69 18 6 39 51 99 54 51 36 90 75 93 39 96 81 3 6 75 33 63 15 78 51 96 39 93 63 45 33 36 96 81 9 96 81 42 24 39 39 63 3 57 78 45 51 69 21 84 27 48 93 6 69 90 87 81 93 54 33 75 54 78 27 3
100 75 12 39 21 66 72 48 39 87 66 12 48 27 36 90 21 33 87 39 3 33 9 75 21 51 30 39 99 84 9 42 54 57 84 75 42 3 57 27 93 27 45 27 45 72 21 42 90 63 45 36 69 90 45 96 90 18 99 54 60 36 36 87 78 21 63 60 27 90 60 9 75 60 66 6 96 96 84 12 99 69 60 9 63 12 84 87 69 69 48 18 69 75 69 78 96 90 93 78 93
100 69 60 93 24 39 33 21 3 54 51 66 48 6 57 24 54 42 63 69 24 33 36 69 27 99 60 63 33 18 18 6 63 33 21 48 54 99 93 66 36 21 69 66 66 42 24 96 57 99 99 84 45 54 36 99 18 84 99 78 99 24 81 6 36 96 54 12 57 87 81 33 42 60 27 45 21 33 78 48 15 66 72 63 27 81 66 9 27 96 24 93 3 24 87 69 99 36 6 12 3
100 15 54 21 18 6 24 39 81 15 42 63 90 78 54 87 90 9 99 12 9 60 36 45 78 3 84 96 42 54 54 39 63 81 99 57 69 21 39 90 36 27 21 24 66 66 36 48 6 42 60 6 45 45 36 6 60 21 18 15 72 99 75 66 24 21 36 66 45 3 66 75 24 69 24 15 6 24 78 72 24 51 84 87 60 36 48 93 42 51 63 24 18 45 78 33 21 69 66 48 21
100 27 18 69 78 3 72 39 48 81 9 99 57 33 78 42 96 24 42 42 12 48 9 66 99 63 36 75 39 51 42 69 75 12 39 78 90 90 36 30 18 24 78 81 9 93 66 84 63 63 84 18 75 90 12 60 99 3 87 36 24 78 78 48 66 99 78 57 3 33 96 21 66 78 42 3 66 27 36 48 75 63 24 36 63 63 33 21 21 69 90 81 6 87 18 93 87 72 90 36 93
100 90 36 69 51 84 63 51 45 27 42 81 51 42 39 3 63 27 81 63 45 69 18 78 6 12 81 12 36 27 57 33 63 15 96 21 3 39 93 6 48 81 57 12 33 18 39 96 69 93 33 45 75 75 66 33 78 69 9 27 54 51 9 3 72 54 93 33 81 60 30 84 66 12 78 78 60 78 75 78 93 96 54 78 60 39 99 30 24 93 21 75 12 30 18 87 78 39 78 78 12
100 54 87 15 84 75 66 87 51 36 99 63 18 54 99 84 84 51 12 3 6 99 45 24 78 57 30 96 87 87 96 90 96 84 3 15 81 63 54 78 66 21 39 3 42 63 87 15 60 12 54 54 9 60 81 33 9 24 75 75 69 84 33 9 30 54 21 81 21 87 51 63 87 69 42 24 84 27 6 57 42 39 18 30 42 90 33 48 42 69 96 33 48 60 48 42 99 6 45 6 60
100 18 93 51 57 3 12 45 21 99 33 90 69 33 27 3 6 15 3 9 9 66 87 51 87 54 51 78 9 90 27 27 12 6 9 21 42 27 27 27 84 21 15 75 18 90 15 78 54 18 54 42 60 99 9 42 84 27 84 42 36 78 6 21 18 99 36 96 36 42 30 39 27 12 78 60 45 24 63 87 96 18 27 93 87 57 45 54 57 45 42 69 18 69 96 36 51 72 33 27 87
100 21 69 15 99 51 39 36 54 24 72 36 18 3 6 33 36 27 57 93 90 48 51 60 3 42 48 51 51 12 81 30 45 99 21 27 69 12 57 93 84 81 42 84 24 45 45 21 51 96 51 9 48 12 12 75 72 99 30 15 51 90 54 75 81 99 33 39 84 81 99 33 36 36 24 39 87 84 27 45 75 27 15 78 96 33 48 75 3 66 75 81 99 9 54 42 90 21 72 33 21
100 75 3 18 81 84 66 75 93 6 27 96 87 12 99 78 45 96 99 57 99 42 63 48 24 69 48 48 21 57 36 30 66 66 54 3 60 45 63 84 45 18 24 54 51 81 63 66 69 66 12 99 18 66 96 9 66 33 90 36 72 96 30 42 90 99 18 33 66 87 75 6 96 9 42 63 36 33 93 9 36 42 66 21 30 39 12 42 15 18 9 45 51 75 6 87 90 75 99 6 87
100 87 51 99 3 57 6 48 72 84 9 6 15 87 30 48 27 66 90 96 54 30 45 96 87 63 18 66 96 6 45 87 75 96 42 24 66 3 57 36 36 72 39 27 69 90 6 3 99 21 84 75 42 99 30 45 39 9 42 30 93 51 6 57 21 75 69 9 72 9 66 57 18 57 63 51 96 96 12 24 3 15 54 60 18 24 42 42 48 48 57 6 9 87 3 21 96 30 60 96 54
100 42 60 36 75 57 9 36 24 39 93 69 78 66 42 15 78 21 24 72 21 87 21 93 30 57 21 45 81 39 45 12 15 78 36 66 6 90 21 63 87 27 6 93 12 18 36 42 3 57 54 6 48 69 75 9 42 18 60 60 18 12 54 66 57 87 15 42 9 51 12 9 75 51 66 63 27 99 69 81 60 45 30 93 72 15 93 30 84 12 48 27 90 51 45 24 78 81 42 33 42
100 45 69 6 60 6 78 9 54 99 90 18 30 69 60 87 78 45 78 75 99 66 30 75 45 81 90 84 30 81 72 69 60 57 33 54 93 30 87 6 3 54 63 66 30 48 57 60 6 36 21 48 24 57 75 24 72 66 39 54 99 93 33 90 33 9 84 99 33 42 87 54 87 27 45 96 30 15 39 48 57 3 81 24 3 72 9 42 15 33 33 66 75 3 57 36 45 18 60 48 45
100 30 93 15 24 93 21 48 84 24 87 9 27 30 48 36 84 21 6 99 69 75 60 6 36 9 78 99 72 60 12 12 27 6 69 51 96 54 66 51 84 3 9 9 60 72 84 48 63 96 9 90 39 93 27 21 69 6 87 78 15 63 21 84 30 84 9 36 48 63 42 3 69 21 87 30 51 93 63 72 54 54 48 18 36 36 57 93 90 90 60 93 9 15 84 33 81 90 60 21 81
100 36 48 96 93 54 30 81 6 6 81 36 24 51 54 51 93 99 87 24 6 81 9 48 66 39 9 36 42 3 99 90 15 36 57 27 36 6 30 3 15 27 36 54 69 30 93 42 96 42 72 69 33 87 90 6 78 78 93 48 84 51 39 84 81 60 84 27 72 48 27 57 24 54 18 99 69 90 54 39 51 87 87 21 78 18 81 57 78 54 12 66 72 60 15 33 90 63 87 75 54
100 42 60 51 27 57 12 69 66 33 87 15 12 81 96 60 27 99 99 75 39 9 81 54 96 51 69 39 78 18 54 36 84 3 90 42 99 81 36 60 36 66 96 69 24 18 48 60 6 30 33 99 63 36 39 69 90 6 75 78 69 18 87 27 54 66 72 48 48 84 33 54 30 81 42 51 75 24 15 21 3 84 3 72 27 96 15 96 96 39 33 66 36 87 72 93 84 15 24 93 21
100 21 36 51 45 93 84 33 60 63 66 33 27 96 27 60 69 21 66 12 78 72 18 78 42 78 60 36 30 57 60 27 42 93 81 57 57 78 60 78 84 15 87 81 39 87 24 21 51 75 84 9 36 33 99 54 36 69 72 84 42 99 9 15 18 99 6 84 12 99 6 21 12 39 9 87 57 63 57 87 45 81 21 60 45 21 21 81 6 69 90 21 66 30 48 84 66 33 87 57 33
100 54 15 33 87 54 90 81 87 36 75 54 81 18 21 48 9 9 30 66 54 21 42 66 96 69 33 54 24 93 9 21 66 48 63 21 81 27 12 24 36 84 36 42 81 33 90 9 96 30 60 21 96 72 84 75 45 69 36 24 21 42 21 87 84 36 21 66 45 90 84 66 51 78 78 48 36 12 84 66 99 54 24 30 78 36 99 93 48 51 24 57 72 33 54 39 45 81 66 12 18
100 12 18 54 60 96 84 3 90 87 36 15 42 9 99 96 3 54 99 81 24 99 87 90 69 75 48 63 12 18 39 18 24 78 18 21 81 3 81 30 33 81 24 42 90 84 87 3 45 36 84 96 90 99 42 21 39 12 99 54 36 21 84 66 9 69 63 93 51 27 51 51 9 24 6 99 72 48 72 93 69 84 57 30 3 42 72 54 96 96 48 48 27 72 63 99 3 3 24 57 69
100 78 57 24 78 3 54 18 90 48 75 87 99 54 60 57 72 9 48 21 51 93 48 72 39 78 12 72 60 87 39 81 60 45 12 33 27 81 69 18 63 48 99 63 15 12 12 93 54 75 12 3 33 84 39 15 90 75 69 87 24 15 66 39 12 66 33 51 90 72 57 36 15 66 93 87 96 24 30 99 90 78 9 93 54 75 9 66 30 99 45 39 9 57 75 93 96 24 27 12 39
100 54 54 87 48 84 57 63 18 99 81 60 90 93 6 24 39 9 54 45 72 72 60 60 87 84 87 60 90 36 81 93 96 36 21 75 66 69 75 63 12 3 45 42 63 24 72 51 51 96 81 42 45 48 87 33 84 12 24 30 72 54 3 21 30 75 9 93 63 36 57 72 9 6 3 84 24 3 63 3 6 81 48 27 15 54 90 63 15 54 21 66 36 96 57 33 84 81 21 27 18
100 24 9 9 75 72 39 18 99 12 9 36 60 63 45 72 42 87 18 78 72 51 93 3 21 54 6 60 42 90 72 12 51 72 84 75 72 81 48 63 84 24 42 36 33 90 57 36 87 45 84 9 78 96 66 15 33 24 99 3 63 21 30 72 33 63 15 3 15 75 36 12 90 66 15 69 30 9 12 75 45 96 78 66 21 12 3 66 87 15 6 18 9 48 27 39 18 87 69 69 48
100 12 90 6 93 69 54 84 60 57 54 9 45 90 87 63 48 78 57 33 3 15 54 27 69 84 75 51 45 96 63 51 9 42 36 75 84 84 6 84 33 96 54 96 60 33 54 81 57 6 15 36 90 12 42 69 54 36 81 78 24 66 54 81 21 33 60 27 48 36 18 9 9 72 60 6 81 15 60 60 99 87 63 93 84 45 18 72 36 57 81 72 63 57 9 3 18 24 75 30 21
100 57 3 96 81 90 63 24 66 75 63 6 18 39 93 69 57 90 45 87 99 48 36 78 87 63 72 72 18 60 3 72 81 12 3 36 15 9 63 78 99 99 81 12 57 75 42 54 6 30 3 81 33 54 3 9 21 48 66 90 81 87 96 15 66 75 39 57 21 33 72 42 66 63 18 93 21 66 90 15 21 99 21 69 78 84 21 93 63 96 12 72 75 69 75 48 96 9 60 84 66
100 81 9 72 69 84 75 39 75 42 48 45 78 69 87 15 9 84 48 12 30 24 99 90 3 48 66 81 42 63 87 3 15 90 39 90 42 99 54 78 27 30 84 69 45 81 75 54 12 3 15 6 96 81 27 81 60 69 48 93 69 18 9 72 36 57 12 78 12 87 57 66 36 36 57 36 48 3 96 12 66 84 69 39 9 15 18 9 75 66 21 30 63 42 15 12 93 81 54 6 75
100 51 60 18 24 75 15 60 42 63 87 60 21 63 96 60 57 12 9 90 51 27 96 21 66 33 90 72 60 15 78 75 69 54 9 12 36 72 51 69 51 18 6 27 81 48 18 66 96 57 90 54 24 36 6 93 84 81 6 18 3 69 6 27 78 15 18 90 90 36 21 36 69 72 78 18 15 96 96 30 51 33 96 72 42 45 66 39 57 3 30 3 15 78 75 12 42 93 72 21 78
100 3 36 78 63 99 93 3 57 24 18 51 84 60 57 72 42 60 57 87 84 9 63 45 51 93 51 63 39 84 3 27 66 12 90 6 69 96 66 87 87 87 81 69 81 87 3 60 87 87 96 57 45 99 54 81 39 69 90 12 24 48 24 33 81 84 21 42 21 3 51 66 69 33 45 21 72 99 60 84 69 84 45 72 96 27 84 3 87 54 3 69 84 42 6 87 66 15 84 12 63
100 54 66 24 81 87 39 84 75 24 21 33 30 6 48 90 99 24 54 9 12 42 69 30 42 81 12 30 84 27 21 45 27 63 63 21 87 42 45 96 39 63 42 39 66 42 66 42 75 93 36 3 96 6 90 30 18 27 9 9 57 36 45 72 3 75 84 36 63 36 48 36 39 57 72 78 3 42 21 75 96 84 93 66 48 57 9 66 57 21 69 90 15 24 72 36 6 30 12 12 72
100 63 96 75 81 69 66 24 84 36 21 36 15 84 45 69 90 42 63 51 78 87 12 15 99 30 27 96 42 45 93 33 36 48 3 81 84 69 42 18 6 87 15 27 81 6 51 9 39 69 75 42 39 78 78 6 96 42 45 99 30 6 81 87 54 24 96 63 24 93 51 99 69 36 57 12 48 87 33 99 78 24 9 54 30 9 39 45 54 51 33 54 90 66 81 78 24 93 63 30 78
100 15 54 93 42 90 66 72 63 81 27 75 45 78 81 6 24 33 99 27 15 57 18 24 45 93 18 69 27 33 21 6 84 42 18 54 66 21 96 6 96 87 36 66 33 9 90 18 51 81 87 78 93 42 15 45 33 3 90 90 21 54 69 57 72 3 48 93 66 72 87 15 54 78 9 48 93 84 81 21 96 48 3 51 75 9 96 48 90 84 69 87 54 45 30 81 84 6 93 30 42
100 60 81 33 81 81 81 57 63 36 72 33 81 9 39 45 48 87 48 39 96 48 93 99 54 15 75 21 36 24 51 54 66 96 66 30 39 75 33 12 66 21 72 21 81 84 54 90 18 78 18 63 66 21 3 57 81 9 66 21 42 81 75 15 9 81 27 69 27 21 48 60 12 78 33 9 48 96 51 57 66 15 57 3 27 99 66 27 48 12 9 24 60 57 21 63 15 27 69 6 39
100 36 66 87 78 78 72 15 87 3 51 69 12 87 48 99 54 75 36 9 78 93 30 30 63 21 51 6 15 6 33 45 63 96 15 6 75 33 15 33 90 12 45 12 93 96 18 69 81 42 12 96 36 21 48 48 63 51 6 69 96 30 24 75 39 72 51 54 84 63 54 75 9 66 30 51 42 60 78 54 69 21 33 99 9 72 78 3 99 51 93 75 96 3 87 96 81 99 72 60 48
100 24 99 27 96 48 48 42 57 63 60 3 30 24 84 90 27 6 48 99 99 51 75 69 30 96 24 87 57 42 39 99 60 54 15 42 24 72 96 45 39 84 60 51 87 6 78 72 18 12 51 66 18 84 9 60 72 33 15 63 51 48 3 57 81 18 60 78 78 84 66 9 66 69 96 93 12 39 15 90 36 90 72 66 39 69 36 18 15 72 99 12 48 87 63 93 18 57 15 15 81
100 81 81 15 51 69 54 3 99 9 48 36 72 87 87 42 87 3 96 93 15 21 15 15 90 48 45 87 93 96 21 51 36 69 60 63 75 27 84 63 24 60 66 99 57 75 6 12 72 96 57 63 27 6 12 72 84 60 87 69 66 75 36 39 87 24 3 48 9 12 9 93 99 72 63 51 39 60 39 60 54 45 39 27 54 18 81 48 48 78 48 60 21 36 63 24 9 21 39 72 30
100 39 42 33 33 54 93 15 9 39 36 51 75 96 3 9 51 45 63 87 48 12 30 6 69 69 33 45 93 39 87 33 84 39 60 87 24 39 69 3 81 57 84 39 42 27 6 84 12 39 18 66 3 60 48 90 12 81 72 87 18 27 96 9 18 15 9 60 87 87 3 69 42 84 12 6 96 54 99 15 18 99 24 84 90 78 39 72 42 27 12 81 6 15 90 15 96 69 48 15 6
100 30 78 6 42 63 15 87 78 3 12 60 87 30 96 24 87 33 66 75 90 9 60 60 18 12 39 90 6 51 84 78 24 87 27 30 6 87 90 6 9 66 6 57 63 12 54 21 75 9 12 30 27 99 45 75 12 12 36 15 57 21 6 27 3 57 30 9 78 9 21 30 27 72 78 30 84 6 81 24 36 69 81 36 72 54 18 45 84 45 48 42 9 39 84 63 15 6 24 51 9
100 63 51 48 84 42 39 12 63 99 12 84 99 63 24 27 75 63 42 78 39 75 12 21 18 39 3 54 69 90 3 18 36 81 3 84 72 27 93 93 69 48 48 90 3 69 93 69 69 66 66 54 51 18 18 33 45 45 87 9 39 90 39 36 36 66 51 99 78 42 96 24 45 3 90 9 48 54 72 81 51 3 84 9 66 51 72 63 24 12 66 45 93 15 60 72 93 63 27 72 57
100 60 3 21 18 39 63 99 39 18 72 87 42 27 36 30 30 42 42 15 9 42 93 3 42 84 12 27 69 75 60 78 48 66 36 3 51 75 93 36 18 69 90 60 75 93 66 33 99 66 48 24 33 6 54 75 15 57 90 66 66 12 60 90 18 48 78 54 78 96 12 57 60 84 51 12 51 30 24 96 9 81 42 30 15 75 42 60 42 18 66 9 90 93 12 9 48 45 90 48 45
100 21 12 72 54 63 93 54 84 93 45 69 54 27 27 30 78 63 72 36 69 30 99 57 96 75 21 99 78 18 9 90 81 72 57 39 48 90 81 69 90 39 93 81 3 99 12 3 18 69 69 18 6 51 72 3 78 42 87 45 48 33 63 60 51 75 96 6 3 60 39 12 12 30 81 75 24 93 60 54 42 81 45 33 99 57 48 69 45 72 21 48 42 33 78 75 87 69 36 3 24
100 66 39 72 48 60 36 78 48 24 21 45 81 90 72 75 9 36 12 87 48 30 78 9 66 15 54 87 30 24 21 6 24 39 48 66 15 78 54 69 96 24 81 51 15 45 12 69 87 3 24 99 96 42 6 51 30 51 69 60 99 42 45 99 60 72 96 69 24 12 9 18 33 45 51 39 90 42 54 21 63 90 51 72 99 96 21 39 66 72 72 48 96 90 6 30 96 9 18 93 66
100 87 99 54 84 99 66 72 54 39 69 24 87 90 54 69 90 69 75 42 30 12 15 96 27 21 39 87 33 72 99 75 90 48 48 69 30 81 48 3 72 96 51 21 69 3 60 33 78 84 93 24 21 51 78 72 87 60 18 21 69 39 75 96 27 21 93 12 39 54 9 3 87 69 48 84 90 21 6 66 99 57 84 48 99 81 63 24 51 54 48 75 48 78 66 45 6 48 21 75 24
100 60 36 81 42 87 90 51 24 69 72 60 78 9 63 45 54 81 24 57 63 39 24 45 12 78 99 96 45 81 99 51 63 27 84 81 99 36 30 39 3 36 63 90 60 15 36 6 90 45 15 99 3 33 48 3 6 60 51 78 39 66 30 96 93 72 45 24 48 63 78 27 63 66 36 9 84 3 21 81 27 54 9 27 36 57 99 72 33 87 60 75 6 72 66 3 45 57 12 51 84
100 12 15 78 96 96 36 66 33 69 3 18 9 33 30 6 6 90 93 75 48 93 12 54 12 45 72 36 18 84 93 72 36 54 33 84 30 48 33 63 36 30 45 84 33 87 6 42 63 90 54 18 15 12 81 57 78 33 60 42 9 99 48 99 15 30 39 30 42 21 66 81 69 72 72 93 18 6 90 60 93 84 69 9 24 27 24 93 93 69 87 45 42 99 18 78 84 75 39 27 81
0
