100 39 66 78 39 3 75 45 6 42 18 81 6 63 66 57 42 66 15 18 48 27 93 9 3 48 54 54 15 75 45 24 90 33 72 84 15 63 48 66 66 30 87 27 72 24 15 51 69 51 78 93 27 27 24 75 66 60 27 96 15 57 90 96 12 78 21 63 93 51 63 69 21 36 30 3 78 84 72 87 12 3 90 30 42 18 81 63 24 69 21 9 57 90 39 72 42 15 93 3 42
100 3 51 9 57 63 60 54 42 87 12 6 6 90 96 96 42 75 27 6 12 15 3 15 24 90 15 75 81 57 48 90 51 3 93 69 54 12 81 3 27 84 87 3 51 90 33 57 21 69 15 21 93 3 42 45 51 93 24 54 66 21 57 60 42 48 21 3 27 30 48 36 87 96 36 87 21 78 27 84 39 30 36 78 36 18 69 39 69 21 30 6 18 36 93 99 3 66 66 45 3
100 72 24 51 63 78 45 66 75 90 63 27 78 12 48 54 96 96 72 90 15 54 33 87 78 24 33 78 33 30 18 57 75 93 69 15 96 96 51 93 57 24 15 45 66 81 18 63 54 66 99 45 54 36 9 39 99 12 96 54 60 24 42 54 48 30 9 33 6 21 36 78 72 81 99 39 63 45 21 48 39 66 3 57 93 39 75 48 27 48 18 78 51 36 27 27 51 66 51 15 30
100 96 18 69 75 42 33 21 99 60 9 99 60 96 30 18 36 9 57 45 42 24 78 63 84 51 24 96 96 45 84 15 84 78 15 93 12 54 15 90 63 99 30 21 3 36 96 54 72 48 48 33 39 90 30 84 18 90 72 75 30 6 54 90 3 51 96 99 12 36 84 72 15 18 51 21 15 30 63 87 27 24 78 90 3 60 78 57 24 9 9 27 21 78 24 99 15 18 90 69 72
100 72 36 78 15 60 27 99 48 54 9 57 6 51 45 66 39 60 48 66 45 51 54 99 63 39 9 27 42 9 60 93 81 12 81 12 84 84 45 24 99 15 90 87 54 81 45 27 12 42 75 63 60 33 3 33 48 81 36 45 78 3 63 57 27 57 36 75 78 18 81 39 18 63 30 18 81 60 51 21 45 30 39 78 27 93 75 6 93 3 90 42 96 33 9 27 78 27 36 24 75
100 3 81 63 39 96 51 15 78 99 60 93 15 93 48 24 48 18 21 21 93 21 51 30 93 90 54 54 54 36 9 33 45 42 45 3 60 84 36 36 36 81 78 9 72 54 51 24 90 42 93 69 84 45 27 33 72 90 60 96 48 24 30 33 54 60 60 45 87 18 33 63 69 84 87 6 84 81 33 12 24 24 3 69 15 36 42 6 48 75 78 30 63 90 57 87 15 33 51 12 57
100 81 87 90 51 39 66 99 90 6 18 51 60 81 96 24 63 57 15 30 45 33 90 33 48 51 3 45 66 45 30 87 99 39 87 54 39 48 24 93 57 3 39 12 60 60 87 54 24 33 24 39 54 96 96 81 99 54 54 36 15 87 96 99 3 42 30 12 30 87 72 21 6 93 12 96 33 60 57 81 84 84 33 78 75 33 33 57 42 93 69 78 39 54 15 45 42 30 57 84 57
100 90 75 45 30 60 33 87 96 81 90 30 12 72 90 36 45 78 84 75 57 9 93 15 90 30 12 18 24 21 33 15 51 87 39 96 99 81 42 27 3 87 3 84 51 36 9 12 72 21 57 18 66 39 96 12 57 99 78 9 81 60 93 81 6 33 96 63 78 81 72 81 45 42 33 54 93 93 33 15 60 72 63 90 51 99 93 15 24 60 48 75 21 51 45 99 66 66 84 93 36
100 36 27 93 54 18 15 36 90 3 12 39 81 21 90 66 84 12 93 21 9 69 27 24 90 33 6 78 69 87 24 90 33 60 87 12 57 72 60 30 27 57 51 72 99 39 15 12 78 72 12 75 99 42 6 99 60 3 90 84 60 54 54 81 51 90 81 33 45 90 45 93 84 15 48 51 93 42 93 81 57 48 63 12 39 27 51 72 9 60 54 27 84 42 42 96 90 57 87 27 72
100 30 69 3 87 51 72 42 78 84 39 57 24 30 42 93 3 36 39 24 57 96 66 48 81 18 42 21 75 93 36 90 21 24 84 12 72 42 12 57 75 93 75 72 3 63 45 75 75 27 48 48 39 45 45 54 45 45 69 45 57 27 45 60 54 84 66 96 3 6 21 51 69 27 57 57 15 36 24 9 96 75 81 87 87 6 3 93 54 42 87 48 48 6 72 87 75 54 87 66 24
100 45 72 45 78 78 51 36 9 30 60 42 45 18 27 6 6 30 54 27 30 18 39 18 69 96 54 81 51 51 69 93 42 57 21 9 3 33 48 54 66 63 24 54 81 84 51 27 48 48 69 36 45 21 36 21 45 93 18 72 12 57 42 24 81 87 3 12 18 69 36 45 3 12 81 51 60 15 96 48 39 51 90 9 99 84 39 84 93 93 9 9 69 96 63 30 60 3 45 99 6
100 27 3 9 99 57 18 48 57 69 24 21 69 84 48 63 72 48 93 48 66 3 33 63 21 15 42 99 66 12 18 6 39 36 69 45 9 45 33 57 96 96 93 81 30 6 27 15 12 63 21 93 24 60 39 18 75 21 39 69 48 87 9 33 27 21 90 84 90 93 57 63 48 3 30 39 42 81 51 66 78 9 96 99 51 3 51 63 51 99 27 3 66 9 45 72 90 72 69 93 75
100 33 48 24 12 48 48 9 36 3 81 72 69 99 99 9 75 90 36 15 33 63 45 3 30 48 45 18 6 81 75 78 57 57 96 6 12 15 18 66 93 81 63 99 84 48 18 6 15 42 33 39 99 27 12 15 66 84 45 93 42 27 42 3 96 21 39 24 39 21 24 6 36 33 84 27 63 42 75 75 96 81 36 6 54 69 81 54 15 12 96 27 18 84 9 87 63 57 24 18 18
100 54 90 78 99 15 45 84 99 48 45 18 48 69 36 45 75 6 18 30 24 24 15 66 15 12 48 63 6 75 3 18 78 33 66 93 84 39 63 93 93 27 48 51 27 39 3 51 18 78 90 54 27 27 9 9 36 96 69 72 36 30 57 93 42 54 57 27 24 60 54 57 54 15 15 90 63 72 69 66 96 54 96 12 3 15 63 9 87 9 72 12 60 69 57 48 99 39 57 69 39
100 96 57 75 6 48 36 69 48 18 72 90 24 3 9 9 72 69 99 63 75 66 48 75 24 12 51 15 27 51 33 87 99 69 84 57 42 12 27 63 42 99 12 69 84 48 78 75 75 54 6 3 57 18 39 54 63 18 51 90 60 39 63 66 12 21 54 81 24 57 48 90 12 51 87 36 45 18 84 72 51 87 69 60 36 90 42 24 45 48 87 81 3 81 9 30 6 87 15 69 90
100 48 93 21 78 87 3 24 45 42 36 6 39 39 72 60 87 93 93 48 30 30 12 3 60 99 12 21 24 24 69 99 33 27 21 33 57 33 18 96 36 75 99 42 99 45 39 54 63 15 48 66 6 54 45 48 27 78 84 36 27 96 99 75 54 12 72 78 87 27 3 9 27 54 63 45 93 75 72 36 39 93 84 87 63 57 39 75 78 33 3 33 54 9 36 12 24 33 72 57 12
100 30 81 48 57 33 99 21 90 12 54 66 9 60 54 96 87 90 45 75 42 96 60 66 9 57 57 42 9 27 12 90 66 78 81 45 57 42 45 66 30 18 51 45 42 24 90 12 51 84 75 51 54 90 21 36 27 24 78 60 60 63 36 3 24 69 75 78 99 6 57 36 45 75 42 36 66 81 81 78 39 42 93 51 15 12 60 48 60 72 30 33 63 84 39 51 45 6 63 51 87
100 36 78 33 72 45 57 57 15 3 93 9 66 93 69 6 99 99 69 42 12 9 96 84 81 3 45 45 21 6 18 42 42 93 75 78 99 81 36 33 33 81 69 72 21 54 81 9 42 69 75 36 63 48 93 18 69 42 81 72 15 39 36 9 15 24 39 21 63 69 24 39 18 27 54 99 99 69 9 24 45 33 54 15 90 45 63 30 45 66 18 66 54 75 66 75 12 87 15 15 3
100 12 30 9 36 69 12 21 36 3 60 36 96 90 54 75 3 96 90 90 54 18 96 27 66 12 15 36 69 54 33 93 96 36 33 21 21 15 30 12 3 12 99 39 3 15 60 99 27 99 3 96 18 90 6 63 99 96 33 90 93 30 51 66 36 21 57 24 57 18 93 9 63 78 63 90 87 45 75 36 87 36 48 78 6 3 90 51 54 15 54 6 18 18 57 6 27 99 96 75 66
100 45 48 42 33 15 66 12 24 72 69 36 39 81 90 15 63 39 63 63 6 48 93 60 24 60 90 99 6 57 84 18 3 96 48 90 6 63 69 18 15 15 84 6 63 84 36 6 27 39 30 93 81 84 15 72 78 27 36 99 63 90 24 99 3 87 54 3 69 66 27 72 6 27 63 90 90 48 12 75 57 42 6 99 69 45 6 48 72 57 78 3 9 9 42 72 78 36 63 9 63
100 93 39 63 33 18 69 93 72 12 24 27 99 84 63 12 33 99 78 24 75 33 33 33 3 24 99 57 39 6 60 48 27 24 96 84 60 33 69 30 51 66 24 42 15 18 21 36 57 90 6 60 93 39 87 3 75 90 15 96 63 9 57 12 57 69 15 15 6 57 99 81 54 6 87 3 75 45 78 90 99 27 27 87 36 27 57 36 45 99 21 54 18 54 39 93 84 63 63 63 15
100 36 57 66 75 36 15 27 87 21 96 81 81 9 18 87 60 33 54 72 27 27 45 87 24 75 90 87 36 12 12 96 51 63 72 15 18 78 78 6 27 63 48 87 51 54 54 39 99 45 3 36 75 63 81 54 39 12 3 45 36 36 63 9 99 90 51 72 45 60 81 99 96 78 45 78 33 90 81 45 48 75 96 48 3 60 45 36 78 15 15 81 33 3 24 3 87 63 9 54 93
100 6 93 75 36 93 72 18 51 30 72 72 3 75 30 93 66 6 87 87 54 24 36 93 30 27 27 75 45 39 6 6 57 27 84 39 99 87 51 30 54 72 63 9 78 63 12 57 42 69 45 87 60 75 6 81 27 21 9 12 45 36 63 21 81 30 69 69 87 87 15 96 54 75 36 54 12 3 84 51 93 87 12 18 78 42 15 75 36 36 63 69 33 99 42 15 18 45 69 30 36
100 12 72 42 18 84 54 69 33 96 15 27 87 6 39 3 87 39 33 69 3 30 12 42 99 3 93 48 72 63 99 3 3 90 9 84 87 54 84 15 81 9 99 27 12 84 84 42 9 84 57 42 12 33 42 51 93 69 42 12 60 3 54 39 60 66 69 12 24 99 81 72 57 15 21 60 3 90 75 15 51 9 99 54 6 93 6 30 18 27 93 81 48 9 36 84 84 66 99 66 93
100 51 18 75 45 48 9 24 96 36 21 96 90 45 15 81 87 45 33 69 54 36 27 93 93 81 60 51 15 39 81 54 36 96 63 60 30 18 33 84 24 96 21 60 75 93 84 69 48 90 75 66 33 48 51 48 51 33 81 18 75 24 87 51 93 99 51 9 6 48 3 24 63 39 36 15 3 57 24 57 3 3 63 36 84 63 18 12 63 87 36 12 42 60 66 51 72 27 69 9 63
100 48 87 42 15 51 84 6 21 72 24 54 69 30 18 15 60 6 12 87 39 87 30 6 75 18 87 36 99 69 42 90 6 66 51 48 51 42 84 6 54 15 48 75 36 57 87 39 27 75 60 93 54 60 27 36 81 75 12 9 27 21 21 18 99 54 3 93 45 90 33 99 24 36 54 57 9 78 81 45 42 93 18 45 12 54 75 45 6 12 63 99 81 39 45 15 66 72 30 57 18
100 78 42 54 75 39 75 24 78 27 75 63 93 36 75 18 39 24 45 60 36 78 96 69 12 57 15 96 45 60 93 63 24 90 12 99 78 18 24 54 90 63 6 42 87 6 18 60 51 24 3 42 75 48 87 72 96 54 24 9 48 18 27 42 72 42 30 99 30 3 3 87 27 90 78 30 69 39 6 12 21 81 24 27 33 87 3 87 84 27 87 21 66 3 93 63 78 63 48 18 81
100 63 66 9 90 36 15 18 87 24 81 57 63 96 84 24 72 75 30 57 48 99 87 6 78 27 84 36 12 42 60 45 66 36 27 84 84 45 18 12 51 39 51 72 57 27 33 99 42 36 24 78 84 84 39 84 93 45 81 99 3 42 48 45 87 18 6 27 90 27 33 75 36 90 12 57 54 78 12 51 39 15 36 42 45 6 42 24 96 93 72 30 42 63 90 3 18 78 96 42 18
100 72 42 36 9 21 96 24 42 36 9 69 21 30 72 51 87 9 84 15 54 66 99 21 15 42 21 45 33 51 24 48 78 12 54 69 12 27 90 30 33 78 27 27 87 21 24 96 24 96 24 69 21 24 12 42 42 93 45 21 9 60 27 99 93 45 69 57 93 42 36 33 33 75 21 87 90 42 30 36 30 84 54 9 96 42 36 18 45 18 69 69 51 39 27 36 27 87 51 90 30
100 51 81 72 48 57 27 21 18 18 9 45 51 6 21 39 87 30 30 42 30 15 54 42 51 93 15 87 84 66 15 45 87 81 18 99 75 63 51 9 33 27 45 75 9 72 99 24 30 93 18 3 6 9 81 60 99 75 27 87 90 63 12 18 3 33 42 60 30 21 90 6 99 99 75 54 87 42 30 18 90 6 87 27 9 69 24 90 81 18 45 57 69 24 57 24 78 6 87 72 12
100 27 87 63 48 18 60 12 63 36 78 99 21 57 27 81 57 63 69 72 45 39 51 15 57 96 45 21 12 54 90 15 36 12 51 63 18 51 84 84 39 27 99 18 36 12 33 24 24 84 66 54 99 78 78 63 15 99 54 69 63 27 6 93 42 42 60 3 30 75 33 54 90 63 15 21 54 72 21 12 72 42 75 99 63 69 42 12 27 3 99 6 81 24 90 81 36 27 66 42 36
100 90 24 18 81 36 9 69 87 51 87 48 69 24 36 21 66 75 27 12 57 24 99 15 39 63 12 66 78 78 36 81 18 72 18 63 90 36 51 99 21 66 63 66 42 99 18 57 78 21 69 84 12 21 51 63 60 30 60 42 27 21 27 72 33 93 21 3 90 60 33 33 48 69 15 87 27 30 51 45 96 9 51 99 12 3 3 63 54 66 12 48 78 87 9 96 27 78 54 57 63
100 45 60 87 51 96 39 3 45 63 42 54 54 42 72 24 87 39 39 90 93 54 21 99 93 9 24 3 45 27 90 24 3 21 27 78 81 18 81 21 57 72 84 51 93 6 81 78 87 75 48 12 69 39 45 66 93 87 36 78 93 33 84 63 12 42 27 60 75 27 84 63 54 3 66 33 99 39 51 87 48 87 12 60 9 78 72 42 30 30 12 90 57 75 9 42 63 42 81 39 6
100 90 66 27 69 66 18 15 39 21 48 90 60 66 87 69 66 12 51 24 36 36 57 45 84 9 60 24 75 96 51 21 42 60 6 24 63 21 27 96 18 93 42 60 90 99 42 48 30 24 33 87 69 18 93 24 18 87 81 81 21 42 96 69 21 6 24 75 66 66 27 15 45 33 33 21 21 93 42 15 30 81 93 54 81 45 24 57 21 27 51 60 96 90 78 78 48 21 27 75 69
100 27 93 57 63 84 24 93 21 27 18 6 54 12 81 57 78 48 12 15 99 51 6 21 51 24 84 93 96 15 3 24 45 45 78 27 60 78 87 24 90 57 51 99 84 63 30 96 96 42 72 15 39 93 63 57 69 60 15 99 36 18 54 57 96 81 18 84 93 72 99 54 6 3 30 30 87 81 69 45 51 15 66 24 36 45 96 21 60 75 75 6 42 15 48 24 99 57 9 21 90
100 15 84 66 48 66 51 3 78 99 51 99 81 39 6 84 75 72 24 84 27 57 45 30 60 87 12 21 15 93 3 6 69 42 69 75 93 93 78 84 33 12 30 24 60 6 99 78 45 21 42 30 54 27 72 6 15 66 81 15 21 69 15 93 90 69 48 6 54 63 63 90 6 21 6 78 72 69 87 9 99 3 27 18 81 81 48 45 66 66 42 36 90 81 60 90 96 66 30 42 99
100 12 87 42 96 90 54 57 54 9 93 72 81 27 57 84 60 6 93 33 57 51 66 54 75 87 96 90 69 99 36 87 45 63 51 75 15 15 30 39 66 90 39 75 27 96 57 27 30 6 42 36 36 3 78 72 48 42 33 72 24 99 75 45 33 36 72 90 48 21 12 93 66 42 42 39 75 66 27 54 93 75 69 27 51 81 51 96 72 27 81 96 36 69 45 3 15 30 3 15 6
100 48 45 42 66 42 81 60 90 90 72 66 30 42 24 24 3 69 90 99 39 81 33 42 90 87 3 39 78 69 3 84 18 93 84 81 87 72 45 12 99 51 99 66 63 63 36 48 6 6 99 72 18 84 21 45 9 60 57 60 63 24 60 96 24 69 60 60 9 9 75 24 78 36 75 66 57 75 9 21 87 33 21 57 42 9 6 3 51 63 18 60 18 24 12 42 99 6 30 48 57
100 78 51 33 90 87 72 3 45 72 87 30 93 54 54 87 75 12 54 6 36 81 93 84 81 63 12 96 63 9 66 45 96 96 66 42 81 42 48 12 66 93 72 24 36 66 30 48 21 39 15 9 87 60 51 84 75 60 87 69 42 99 84 21 51 63 48 63 12 72 99 54 48 39 15 72 96 90 45 63 15 48 24 42 75 12 57 93 3 78 84 36 96 54 69 63 18 75 3 81 42
100 48 93 3 60 96 18 27 36 63 18 57 60 54 78 27 48 93 87 9 81 60 18 78 33 54 3 99 78 63 69 60 81 21 12 84 63 99 12 18 72 93 51 6 24 57 81 57 27 21 48 81 66 96 30 78 78 15 87 69 24 27 78 90 81 54 18 60 15 27 12 42 84 30 39 87 69 30 63 96 87 33 24 39 42 54 15 30 12 78 81 60 48 24 84 66 78 12 90 87 81
100 36 72 42 18 45 36 24 81 48 72 6 87 60 3 96 51 30 24 45 84 33 57 99 90 84 9 48 45 78 54 63 39 75 72 54 69 18 48 33 27 39 33 45 57 18 93 12 93 90 24 42 75 33 78 21 24 51 18 78 96 9 81 63 63 63 87 66 60 63 51 18 60 54 18 60 36 84 36 51 69 90 21 36 30 75 81 15 96 51 84 39 60 12 96 3 51 9 66 33 75
100 9 78 69 12 84 96 87 93 30 72 51 63 57 99 45 90 36 18 63 33 69 69 57 6 45 78 87 30 54 12 15 3 69 45 24 93 51 45 54 45 99 21 33 42 93 18 99 9 75 99 12 3 42 15 3 81 54 45 30 78 81 30 6 93 24 3 18 12 72 93 36 21 90 96 42 3 60 54 57 21 18 72 21 78 81 54 96 30 12 72 27 81 66 27 57 57 54 48 54 6
100 78 36 24 24 99 15 12 45 81 60 57 42 57 72 90 39 3 42 84 87 48 18 63 99 12 66 66 90 72 96 27 24 42 18 60 27 87 72 66 69 84 6 9 6 93 60 12 96 15 12 63 57 87 96 93 72 87 48 12 69 24 27 69 96 48 18 30 36 18 93 21 81 39 57 78 90 84 81 9 42 81 57 48 66 72 81 45 60 75 75 33 33 42 24 3 60 12 99 84 6
100 3 3 69 84 78 18 75 87 51 87 99 51 60 45 99 57 9 87 90 51 96 99 3 45 21 15 96 30 54 27 54 90 42 78 42 51 39 69 54 84 84 27 63 75 3 21 69 54 48 39 87 78 84 66 75 30 45 54 36 30 12 39 9 84 93 12 27 66 21 9 57 42 6 45 30 27 90 45 66 36 57 24 39 18 99 21 18 93 78 9 30 96 60 39 75 33 36 60 72 6
100 84 81 72 21 33 45 75 81 39 27 99 3 42 69 90 30 30 66 18 93 33 18 57 72 24 63 45 90 90 18 21 9 24 66 72 81 45 69 24 78 24 81 36 18 57 15 54 66 72 87 42 78 6 60 51 75 81 18 27 6 21 18 48 81 96 12 93 39 87 90 99 63 54 39 30 33 42 54 45 45 30 84 96 96 72 87 48 90 18 33 21 24 24 36 96 60 24 90 90 78
100 45 12 69 69 66 15 33 87 36 54 93 24 15 75 78 51 42 39 24 48 15 60 36 54 78 12 60 75 6 69 42 27 93 9 30 48 15 72 27 36 9 90 3 15 33 51 63 60 57 27 6 60 39 72 9 3 96 21 15 51 54 24 36 60 33 48 93 21 96 57 93 30 93 57 24 27 69 48 60 9 93 45 66 66 15 36 27 33 15 42 21 90 72 78 27 24 63 36 84 87
100 87 84 15 90 6 15 51 69 30 6 6 9 18 99 54 6 57 96 96 6 81 45 9 93 3 45 27 57 33 15 6 21 30 69 18 48 63 69 36 39 51 54 27 54 33 36 81 39 12 81 66 60 63 12 27 15 48 18 39 87 33 51 15 75 99 21 66 45 21 81 81 45 78 54 96 27 12 57 60 3 33 39 75 60 48 57 93 87 78 78 63 57 78 27 3 30 99 96 33 90
100 66 21 48 72 63 54 3 78 93 48 21 66 24 21 96 3 75 36 96 42 60 48 90 3 87 21 87 99 63 36 24 66 24 27 87 54 3 90 36 78 21 21 99 36 24 12 9 72 84 60 3 51 60 93 39 39 9 18 87 87 93 21 75 3 33 84 63 69 90 66 36 51 96 33 60 15 72 18 15 66 63 45 93 18 72 51 75 9 96 69 84 90 63 21 15 60 36 42 39 60
100 93 45 75 87 93 96 30 24 36 81 60 66 96 3 33 72 96 30 96 69 81 6 48 24 57 48 90 87 39 6 9 51 48 24 72 36 36 63 15 21 18 12 9 48 36 51 63 9 63 90 24 6 21 18 12 90 6 18 96 42 99 51 6 90 3 60 42 57 90 39 93 9 93 39 36 87 96 60 15 12 54 21 36 72 51 96 93 48 30 36 90 78 39 96 51 57 6 15 30 15
100 12 96 69 66 54 42 6 72 57 81 18 33 42 60 60 69 24 15 99 57 30 21 45 69 45 51 3 36 3 18 54 60 63 12 24 81 9 60 18 6 12 90 39 78 54 18 45 36 33 15 18 15 3 21 60 69 21 12 9 48 96 42 18 15 78 78 78 99 9 87 24 12 39 33 9 30 3 15 66 57 69 87 18 21 18 87 12 45 57 27 9 78 75 99 87 45 12 72 36 93
100 75 84 3 48 27 96 51 84 99 72 54 48 87 6 21 6 33 21 27 33 84 15 57 78 12 27 18 99 42 66 36 36 96 18 66 27 3 27 12 93 21 60 93 39 24 60 51 81 84 96 39 78 78 36 3 6 39 60 15 66 30 93 87 30 48 57 57 63 54 45 39 96 45 6 87 99 57 30 69 51 33 42 51 90 63 9 18 48 99 39 3 72 21 48 21 36 63 72 60 3
100 60 18 15 24 54 21 96 75 78 81 18 96 24 3 99 87 93 51 39 57 21 24 57 51 6 9 24 18 81 81 3 93 27 84 48 93 87 81 33 18 51 27 81 90 9 36 42 30 60 42 75 78 63 99 6 78 72 33 54 45 51 69 42 87 57 75 12 96 33 33 30 66 54 39 51 51 3 30 87 3 78 12 12 96 36 18 78 12 15 12 3 60 30 54 75 66 93 81 6 54
100 63 69 84 72 12 33 27 12 96 33 9 24 93 33 30 21 21 69 78 39 27 3 15 18 24 12 27 45 66 36 90 27 18 15 78 6 66 3 93 18 90 72 66 78 48 81 48 42 72 63 51 42 90 54 90 99 57 27 3 81 15 63 84 66 33 30 81 45 69 96 36 27 72 96 90 18 9 60 72 30 39 24 15 9 60 75 78 84 78 48 93 9 75 51 51 93 75 36 6 57
100 36 54 12 57 48 18 6 27 78 6 96 60 69 18 72 90 78 36 63 60 6 69 18 66 27 12 57 24 57 69 12 57 66 15 84 9 81 21 39 57 9 45 75 51 99 33 51 66 42 87 75 96 90 39 27 57 87 93 18 3 75 84 96 33 96 87 9 18 66 57 72 24 18 81 24 39 69 90 18 69 93 27 96 84 93 9 48 12 18 18 3 81 36 75 63 45 90 36 21 66
100 87 60 9 96 21 36 24 90 45 45 87 24 33 99 21 42 24 42 69 87 9 24 15 75 18 6 18 81 96 6 6 39 9 78 72 27 3 66 45 87 93 54 84 84 69 81 78 39 66 18 87 21 12 24 36 75 12 84 9 60 18 51 27 69 81 90 90 12 99 45 6 66 63 57 87 78 45 36 39 15 3 30 9 45 60 21 63 3 99 48 3 99 21 72 3 51 84 3 42 33
100 81 69 36 12 96 36 84 51 60 60 60 24 96 33 84 12 39 39 57 36 84 90 15 30 45 36 21 12 99 6 39 18 45 78 81 78 24 84 6 18 45 6 57 36 24 66 66 27 39 9 27 81 51 42 66 48 60 27 24 36 81 63 93 12 18 75 21 90 12 18 75 51 48 69 78 9 18 75 36 18 27 75 27 87 45 69 78 51 96 15 6 60 33 51 51 42 90 72 90 24
100 90 96 90 24 96 78 24 48 84 72 18 81 30 21 33 96 3 63 96 39 12 54 6 81 99 39 75 60 27 72 12 96 90 3 72 78 18 42 24 90 24 66 87 99 45 42 42 3 72 81 87 81 21 99 15 69 63 6 15 78 99 66 39 24 75 51 42 54 90 66 42 93 42 42 48 93 27 36 75 54 69 45 21 57 93 60 69 21 36 27 96 48 36 75 12 69 6 6 69 66
100 75 39 84 30 90 90 57 51 75 24 12 27 42 66 81 12 24 12 63 78 84 27 27 39 3 90 3 27 15 63 12 12 39 81 12 57 84 90 21 75 15 84 84 75 42 27 3 78 84 63 18 75 87 54 54 87 63 36 66 21 63 99 48 30 63 21 18 12 39 69 66 6 15 93 3 84 72 63 96 48 33 39 12 96 15 66 60 84 57 87 72 48 9 39 84 12 84 9 33 18
100 3 87 84 90 66 39 18 84 48 66 72 75 48 48 12 24 9 27 66 54 63 21 54 3 69 15 33 69 93 69 99 27 69 6 99 36 48 72 12 21 18 81 6 63 30 87 24 45 84 21 33 93 81 60 75 6 30 81 99 72 6 81 36 84 69 45 21 15 93 30 33 63 99 33 18 39 36 33 21 69 93 90 96 75 96 33 6 21 21 15 33 45 39 45 42 93 63 84 9 18
100 36 21 57 66 51 78 15 18 30 3 30 63 54 57 36 63 12 21 96 36 75 81 30 81 96 21 69 87 42 12 33 54 78 15 78 42 78 54 36 60 51 48 57 66 69 96 60 48 24 72 84 81 81 12 6 18 66 30 96 45 39 69 21 6 99 84 60 15 9 12 51 21 9 66 51 87 33 57 33 45 66 60 54 99 75 36 15 27 54 21 42 30 78 27 36 3 54 69 75 3
100 57 21 30 27 93 18 69 54 18 6 99 54 66 60 84 99 57 72 51 51 57 33 78 6 81 24 87 60 51 45 63 66 81 57 36 93 54 54 45 21 27 6 84 54 66 27 60 84 12 15 18 15 9 3 39 42 60 66 81 15 69 90 81 42 84 39 63 72 72 15 54 66 63 90 69 42 6 36 48 99 90 30 69 57 54 84 48 12 66 9 87 81 57 9 3 54 24 30 12 81
100 93 84 72 9 9 72 48 39 12 90 75 21 78 27 99 60 18 93 42 15 51 90 27 54 39 72 54 51 24 48 30 15 54 24 3 66 18 48 51 72 12 69 78 54 15 90 66 99 81 48 93 87 36 90 66 93 54 48 87 12 96 42 33 96 87 42 3 51 39 27 6 81 51 33 3 66 42 3 48 30 39 30 99 39 6 84 66 33 39 87 21 51 45 90 99 93 45 90 63 36
100 36 9 90 75 27 15 90 42 9 51 54 54 93 48 87 57 18 54 12 15 51 99 57 27 69 33 72 81 18 18 3 93 72 51 45 18 36 36 84 90 6 36 57 15 18 72 45 42 90 6 6 30 66 39 30 21 54 3 99 6 72 39 48 9 6 39 96 84 6 90 6 6 57 9 72 78 24 72 81 51 96 42 96 60 27 84 30 30 60 42 90 45 33 75 15 15 54 93 72 87
100 90 15 33 45 48 90 63 81 93 3 87 15 30 84 15 30 6 48 63 42 72 90 54 42 93 27 3 66 69 18 69 96 6 27 39 6 84 63 81 36 9 78 69 63 15 36 51 96 18 54 87 84 3 21 54 36 93 90 63 36 81 15 81 33 45 90 39 15 93 54 78 24 75 72 3 3 75 75 84 87 9 51 93 60 45 30 3 48 54 21 6 12 21 30 63 63 93 18 36 48
100 9 39 72 3 57 84 3 27 54 96 15 81 24 63 15 36 6 48 87 27 87 66 6 51 12 69 90 66 9 72 24 39 78 24 93 21 9 45 69 12 69 36 51 36 99 90 6 12 6 60 69 39 93 18 81 84 30 24 75 66 12 90 93 33 78 78 3 54 21 72 51 3 9 69 60 39 63 51 60 63 81 51 57 75 15 60 51 66 42 9 27 78 93 18 84 24 63 48 21 90
100 87 45 96 84 78 42 9 75 21 96 75 78 27 51 51 48 39 75 36 6 81 12 75 36 30 48 57 93 96 81 45 60 27 27 84 72 45 90 78 93 21 48 6 60 6 66 81 39 87 27 42 81 42 84 30 84 60 75 75 18 84 75 39 69 45 27 78 63 9 45 36 3 33 63 69 6 75 60 36 12 57 24 15 15 99 30 69 39 45 96 78 3 51 18 18 21 99 24 3 57
100 51 3 33 69 6 9 81 39 39 93 93 99 30 42 30 48 9 39 54 42 75 21 54 6 6 81 9 99 24 57 78 84 96 54 12 57 30 99 99 99 99 24 15 45 63 12 39 63 66 57 66 54 54 21 45 12 18 36 39 99 9 3 45 30 48 90 84 39 36 6 90 81 90 87 66 78 63 48 36 75 27 54 18 81 66 30 42 12 12 45 69 66 45 57 54 15 78 96 6 15
100 96 48 6 60 42 54 51 63 45 60 72 90 9 36 69 45 54 99 57 51 27 93 87 18 48 69 45 66 30 3 75 66 81 3 63 60 96 78 24 75 96 87 81 54 39 72 69 51 33 24 66 30 42 66 99 21 93 57 30 99 72 78 93 51 48 3 96 6 90 42 90 51 9 81 33 78 72 12 3 18 18 12 60 87 81 6 27 60 48 33 63 51 18 36 18 42 6 36 90 45
100 45 54 84 87 39 36 39 15 57 60 69 30 51 66 36 9 57 39 63 99 84 18 36 75 63 90 30 48 42 60 78 30 57 21 78 18 21 75 96 75 99 63 57 72 90 39 90 33 6 48 72 60 21 3 93 15 36 12 90 24 39 48 30 75 93 6 27 54 27 93 12 39 48 99 93 27 63 93 57 69 84 66 57 66 84 90 6 63 81 57 3 81 60 63 39 36 99 48 18 66
100 24 45 36 12 3 6 84 78 99 48 78 12 12 54 36 42 75 54 21 93 39 63 42 57 27 12 6 6 39 42 21 27 78 63 87 27 60 33 39 87 87 9 90 6 72 45 93 75 9 84 96 57 6 90 69 63 90 60 57 93 15 84 39 90 63 81 90 33 75 36 9 30 93 27 93 75 24 57 36 93 93 33 87 6 69 18 57 57 39 96 81 57 75 84 69 90 72 87 12 96
100 39 12 33 48 54 93 90 18 84 96 6 21 33 42 99 51 72 48 48 21 66 15 9 99 24 96 60 15 63 39 3 12 96 9 54 3 60 51 45 33 51 15 33 90 84 57 87 72 78 6 6 18 39 60 69 48 15 75 18 78 24 84 75 99 21 81 51 30 75 57 36 75 60 3 21 33 33 27 69 27 72 27 21 75 84 78 87 96 57 15 69 33 63 99 42 12 36 36 60 51
100 60 75 72 60 66 90 39 42 96 15 12 84 81 87 57 6 18 12 15 45 90 51 69 36 21 21 84 87 15 3 18 42 3 21 60 15 45 69 63 30 27 45 48 96 99 72 90 99 42 69 27 18 99 18 90 81 63 66 6 84 12 18 12 15 99 87 81 60 57 87 93 51 51 15 90 90 3 72 42 78 18 60 99 75 36 15 90 48 51 6 93 66 90 57 72 33 18 96 57 78
100 27 9 27 27 24 51 69 66 99 42 81 99 33 54 69 42 12 33 6 9 45 69 45 99 90 66 60 18 45 63 3 33 78 36 54 9 36 81 81 12 60 18 90 39 48 81 78 96 60 90 63 72 96 60 48 45 54 84 78 18 63 99 96 93 15 42 63 45 96 30 81 9 33 63 36 21 60 87 78 36 21 42 99 36 21 18 30 57 42 87 15 27 18 57 39 3 57 48 21 12
100 69 99 39 66 45 3 60 51 3 30 27 99 57 33 24 12 24 45 18 33 72 72 48 27 24 15 99 81 84 63 45 75 54 21 69 48 15 75 33 87 81 63 99 81 21 27 54 75 78 54 42 84 3 96 99 24 48 60 18 63 78 33 45 9 66 75 54 75 90 12 54 78 99 69 72 30 57 45 33 60 87 15 6 30 57 81 45 48 60 39 24 81 51 27 30 15 18 6 87 99
100 96 72 51 48 69 42 18 15 33 6 48 9 42 84 54 3 9 30 45 27 90 75 75 75 45 87 36 87 39 12 9 48 93 78 24 36 48 42 99 27 9 54 60 81 72 90 36 99 33 99 90 87 66 48 72 33 15 27 12 42 75 24 33 51 33 36 36 9 42 81 45 48 45 81 81 15 72 66 75 57 78 66 75 24 36 36 78 18 60 84 90 54 81 69 66 66 15 57 54 99
100 24 78 27 15 84 30 54 60 54 60 33 66 78 78 54 78 39 99 3 3 78 21 42 72 72 45 24 72 51 93 90 24 63 78 96 42 60 84 84 42 45 3 15 45 96 51 90 33 18 12 57 9 72 78 6 12 69 84 30 63 90 21 6 57 45 36 63 24 84 45 6 42 51 33 6 48 54 54 42 63 27 93 57 42 3 3 81 48 27 36 78 99 42 15 18 96 33 81 18 45
100 51 54 81 60 48 99 39 39 39 60 60 96 93 3 69 45 69 72 33 78 75 48 78 42 69 36 66 3 63 21 45 81 69 24 42 51 9 66 6 51 63 33 45 12 24 39 54 30 81 63 24 42 42 78 48 81 93 3 30 81 57 30 27 75 54 33 99 33 84 24 60 96 72 66 39 87 96 51 81 90 24 6 69 54 81 30 87 18 90 15 6 84 90 93 36 54 63 48 3 66
100 93 51 45 9 96 75 27 9 90 60 27 63 30 15 42 60 45 81 81 69 99 30 72 90 54 90 78 57 3 63 12 15 66 24 84 18 45 6 36 57 90 69 96 45 27 21 39 87 27 27 33 78 39 75 81 81 96 51 30 90 54 36 81 39 93 9 18 39 87 42 66 78 60 9 75 6 54 84 15 18 63 84 30 84 54 42 27 93 60 39 60 39 6 84 93 57 39 18 57 36
100 36 39 27 39 87 87 15 12 63 84 33 99 90 30 36 9 57 66 99 18 39 9 90 63 39 12 30 51 42 66 9 6 48 39 69 21 27 45 90 72 42 54 66 99 96 66 45 69 36 93 45 90 78 21 78 60 9 81 51 6 63 57 15 99 33 48 42 36 93 42 84 24 87 48 15 33 96 33 69 48 42 78 75 6 63 78 93 63 63 66 66 12 45 48 9 51 54 96 60 99
100 15 51 48 48 75 12 54 81 96 84 30 75 30 30 99 3 72 87 45 21 81 15 57 57 96 57 96 27 81 54 69 66 69 45 54 48 96 96 33 99 63 81 84 33 9 30 93 93 6 48 33 24 57 51 45 36 42 69 90 99 33 99 81 78 39 66 54 75 36 36 93 78 15 87 6 54 39 15 63 54 3 66 84 96 42 54 18 9 18 30 51 3 60 3 39 66 78 81 21 54
100 30 81 66 51 90 57 36 48 48 48 69 69 45 3 15 93 54 63 78 54 21 21 51 66 93 18 51 24 15 87 6 87 66 42 30 24 81 30 87 54 39 9 69 75 51 24 27 75 36 99 87 42 18 60 30 15 81 99 12 87 15 39 99 93 36 48 87 51 21 24 42 51 51 57 30 9 66 87 99 48 54 39 48 6 78 42 93 99 21 81 72 78 90 30 39 3 63 24 24 54
100 93 84 21 81 18 66 57 24 96 39 9 3 6 54 84 30 54 42 3 6 57 42 51 42 48 36 78 96 63 57 36 48 42 45 9 60 18 33 24 12 84 75 90 9 66 51 24 66 15 27 87 69 3 36 66 60 36 93 48 54 81 84 63 96 51 33 66 51 69 9 99 3 48 57 18 33 87 57 21 69 84 45 12 63 48 12 12 78 81 93 78 96 93 93 60 90 78 66 39 81
100 15 12 57 3 66 90 69 45 99 63 33 42 81 27 81 6 57 51 51 12 66 42 9 21 12 75 54 48 27 51 9 27 87 6 48 21 69 27 39 63 66 27 6 54 63 72 72 78 69 15 63 72 12 36 6 84 81 27 6 66 66 99 18 75 36 39 66 30 24 93 21 57 18 15 90 51 24 96 90 24 24 78 81 30 69 96 24 33 9 48 93 45 30 87 51 6 36 87 42 15
100 48 57 90 36 42 78 21 87 36 9 45 18 69 39 87 81 72 93 51 72 24 6 48 24 33 72 21 51 33 54 54 48 81 54 84 3 39 3 51 75 9 72 63 39 75 69 63 72 39 87 75 69 51 3 87 60 84 48 3 84 36 42 39 48 66 39 90 78 15 18 45 66 51 93 66 72 42 63 39 63 48 57 21 57 75 12 60 60 27 27 66 45 93 51 45 42 39 72 66 12
100 6 45 96 18 72 42 33 90 66 99 66 99 45 21 36 51 69 96 18 66 18 39 33 72 60 57 15 51 87 54 6 96 6 27 60 69 18 15 30 51 21 9 21 96 84 15 18 3 96 30 69 78 24 15 54 63 21 69 84 72 75 48 48 66 27 99 18 78 81 99 42 72 81 18 21 99 78 39 12 60 3 45 48 6 12 3 18 18 81 18 36 9 45 9 3 3 51 84 63 81
100 93 87 33 6 90 15 45 12 36 57 48 33 66 84 51 21 27 27 72 81 39 42 30 36 24 12 63 54 39 69 63 9 90 72 18 48 96 99 93 27 39 75 39 21 21 63 3 57 30 6 18 12 9 90 15 45 87 12 54 75 36 69 81 87 69 12 96 72 72 39 87 45 87 69 54 87 15 60 81 12 30 48 84 99 9 33 84 27 72 57 45 30 12 21 81 99 51 78 90 42
100 96 39 96 24 30 3 48 18 99 18 60 78 72 78 54 54 75 81 75 90 3 93 15 42 72 75 36 99 24 21 81 90 84 96 75 72 90 24 9 48 27 27 96 60 9 9 63 6 27 57 51 36 63 39 72 78 15 30 12 60 42 99 3 81 27 54 30 99 45 27 15 96 93 87 3 24 33 36 6 18 33 60 51 81 54 60 39 57 36 51 36 30 21 27 75 66 54 33 63 21
100 24 51 12 27 12 15 30 9 60 72 60 21 96 30 21 42 9 90 9 84 12 21 96 45 12 81 18 39 39 24 21 36 78 24 72 39 84 45 63 18 93 57 48 63 96 78 87 9 36 96 30 78 30 51 24 9 99 63 36 30 90 90 6 69 39 39 30 48 27 72 93 57 39 96 60 36 84 42 63 15 12 6 21 9 9 9 51 36 39 45 51 66 60 24 12 75 69 48 15 36
100 81 90 21 69 45 78 27 84 33 18 51 72 48 78 99 75 36 66 93 3 33 96 69 72 81 42 12 93 27 93 75 78 33 6 84 9 99 69 42 78 12 60 45 3 63 96 87 69 6 27 96 33 57 48 15 21 75 60 69 24 81 84 84 81 66 18 24 6 78 6 9 54 45 39 51 96 93 96 54 12 39 48 30 57 36 12 42 48 24 87 75 24 66 75 78 84 96 30 63 6
100 69 42 51 60 99 48 36 99 72 57 24 69 96 21 12 87 90 9 39 39 6 57 78 42 57 60 24 78 18 21 3 96 99 9 12 21 72 12 63 27 12 54 90 90 6 99 45 96 63 18 12 51 15 78 30 24 99 3 51 6 84 84 66 36 27 9 99 51 75 42 3 57 36 39 66 90 84 99 78 21 27 24 81 51 69 72 6 72 39 33 33 57 36 24 72 99 81 57 27 3
100 78 18 21 57 6 48 30 57 57 45 60 39 63 21 60 60 48 21 93 51 27 45 24 24 72 93 57 42 51 36 36 36 84 63 3 75 33 27 27 27 36 27 72 39 48 48 33 33 15 84 81 54 81 12 39 24 48 60 12 21 78 57 84 21 18 36 96 18 36 75 84 45 69 75 69 33 27 9 12 6 93 6 78 30 99 63 27 30 12 81 30 81 81 57 15 69 6 24 60 3
100 27 60 33 39 6 66 9 3 30 3 51 6 39 54 6 63 21 66 75 66 96 27 15 33 84 81 72 45 3 69 72 3 30 96 75 87 69 54 24 84 57 63 6 57 15 33 51 54 57 42 57 42 96 87 99 6 45 57 45 3 21 12 18 93 15 87 54 51 72 3 45 12 33 6 66 66 60 15 21 93 93 51 63 72 96 78 21 60 60 84 51 12 48 30 69 84 30 72 9 42
100 81 69 99 45 15 42 84 78 45 39 45 9 99 48 69 27 81 99 99 81 75 33 63 18 90 39 72 48 9 24 21 3 36 57 75 75 3 93 78 93 66 15 42 42 18 69 24 9 21 84 96 21 3 30 78 84 87 6 3 18 9 30 60 36 12 90 69 75 84 18 69 48 99 66 63 30 48 15 42 15 66 9 63 90 48 15 63 84 45 48 54 51 63 27 12 69 81 15 60 27
100 24 78 45 66 48 69 57 48 15 66 24 60 24 21 30 87 75 90 87 24 60 63 96 51 63 21 54 69 21 81 6 12 18 87 84 96 93 42 72 36 54 42 3 30 48 75 72 27 12 15 27 27 66 15 27 87 54 99 18 72 60 48 21 15 27 51 93 72 72 6 75 57 54 99 45 96 39 48 75 51 12 9 81 93 78 69 60 81 66 90 24 18 6 75 45 72 30 90 33 9
100 45 96 99 3 81 51 27 96 36 24 54 12 51 96 63 36 63 96 87 54 9 33 99 96 81 36 33 3 57 39 99 45 33 84 6 81 93 75 21 6 72 3 48 9 39 84 15 87 51 93 27 48 51 18 36 96 6 81 78 24 27 63 87 30 51 93 48 54 18 3 75 99 60 24 66 15 24 27 18 84 93 90 87 15 87 51 36 9 93 33 36 84 12 12 3 30 3 84 12 54
100 63 87 24 18 93 63 24 93 3 60 69 24 99 87 72 39 87 72 96 72 21 48 12 93 66 6 45 6 39 63 66 27 90 57 18 84 57 15 24 6 18 57 24 72 42 60 51 51 33 48 57 84 6 75 75 3 72 27 3 36 66 39 78 48 66 21 54 33 27 12 18 75 21 39 48 6 27 69 48 87 60 99 45 15 75 21 90 48 12 54 81 39 57 63 54 78 21 39 57 15
100 36 33 66 27 12 36 75 66 63 45 72 69 18 48 72 69 18 69 33 51 51 72 72 75 15 96 69 75 48 84 84 48 45 69 27 30 75 48 51 42 93 36 21 96 54 69 51 12 60 87 18 39 30 60 30 51 30 75 48 57 66 87 18 54 24 39 90 75 45 81 93 33 54 51 18 54 12 78 54 63 60 51 36 78 3 66 27 15 84 96 6 30 24 48 57 78 24 33 9 93
100 90 39 78 27 78 78 9 96 87 87 63 96 21 78 18 51 54 51 45 6 84 6 6 87 93 30 36 9 90 9 36 6 27 84 12 12 66 45 48 84 72 72 6 69 12 24 93 90 87 84 81 33 15 63 60 42 21 42 72 51 42 96 33 18 69 93 3 54 48 36 99 90 54 72 78 84 48 84 54 12 9 42 81 30 3 36 33 87 30 24 99 15 51 69 45 18 12 15 6 6
100 99 21 15 21 42 75 99 99 90 15 72 54 48 93 15 78 39 3 78 69 12 15 60 99 96 78 3 69 96 96 60 15 30 54 93 24 36 87 81 78 21 21 60 9 69 36 30 81 75 3 36 42 54 45 63 93 99 90 72 66 36 27 21 90 24 60 63 21 9 54 45 42 93 27 33 96 39 42 42 42 75 69 27 99 48 15 24 24 51 21 93 45 27 87 39 72 78 48 81 33
100 63 51 36 90 42 78 57 27 63 72 45 6 84 21 72 75 24 78 24 57 15 39 15 54 69 36 66 84 18 48 81 6 27 63 84 75 39 30 18 15 18 69 42 75 33 3 93 6 99 66 27 78 66 6 78 6 54 6 21 15 66 24 93 33 51 57 75 18 36 90 87 63 3 78 66 93 36 27 57 36 99 21 90 99 75 42 78 3 96 45 72 54 6 57 99 69 21 12 36 39
0
