100 90 12 87 12 51 63 81 36 36 12 48 39 15 72 9 42 12 21 60 60 69 57 6 24 60 69 30 36 12 12 36 75 42 36 69 78 27 63 99 9 84 51 99 12 66 3 78 63 3 42 18 12 75 75 54 36 12 3 78 3 84 96 81 36 36 48 96 48 12 36 78 81 30 69 48 93 60 96 27 72 18 51 12 12 33 51 60 78 69 30 33 81 9 15 6 87 57 18 27 72
100 69 69 93 18 24 54 51 87 78 15 69 57 72 99 9 36 15 30 15 48 45 18 12 99 3 60 42 18 81 39 54 30 90 63 96 18 39 51 15 84 36 27 39 69 78 63 81 54 63 72 39 75 72 90 51 3 99 45 9 24 75 54 66 42 42 27 45 3 60 60 36 75 72 36 33 15 33 15 9 36 87 78 54 48 42 63 3 78 30 33 75 18 36 66 3 6 57 78 3 21
100 39 87 21 51 90 9 15 63 75 42 96 87 12 27 6 51 33 90 69 27 72 51 96 48 33 45 24 81 81 51 33 30 66 51 54 57 51 12 33 27 93 42 9 57 99 78 15 54 54 45 63 90 42 81 93 18 39 12 78 36 48 60 96 51 96 75 15 66 54 27 87 57 72 72 69 75 39 81 72 90 51 90 81 24 21 12 87 45 51 42 12 51 81 51 30 39 27 63 81 99
100 15 93 72 90 45 69 27 87 6 60 93 42 93 48 51 75 42 51 87 60 75 6 87 99 84 48 24 81 63 36 6 75 54 30 78 9 18 63 15 75 75 24 33 15 39 60 27 36 84 87 90 18 3 24 39 42 21 36 72 36 72 57 81 66 33 36 57 54 36 24 78 54 63 93 87 87 72 57 81 12 99 84 99 18 75 36 66 24 33 15 54 81 81 60 39 24 27 27 69 24
100 9 60 21 21 18 75 18 81 36 51 6 87 84 90 21 90 48 75 57 18 15 12 12 42 15 54 69 42 84 51 18 18 48 99 84 33 15 54 84 99 81 90 75 36 42 6 54 69 93 96 15 75 48 69 84 60 36 36 72 57 9 63 81 87 54 48 9 57 69 99 24 15 69 36 48 42 51 15 84 48 81 90 60 99 33 90 69 9 33 27 84 57 96 63 93 36 57 39 66 12
100 75 39 9 57 93 27 75 54 9 30 90 48 57 24 96 24 12 24 45 36 21 6 69 18 12 90 96 60 63 63 60 60 87 33 99 3 45 69 30 69 30 3 54 63 99 75 36 96 36 3 99 3 9 33 87 51 93 45 81 93 69 84 81 15 60 42 21 36 33 27 72 99 66 15 24 36 72 39 36 36 72 3 36 72 69 54 39 45 66 42 51 15 75 78 27 30 93 87 27 18
100 66 21 42 24 87 33 33 57 84 87 18 24 90 6 6 18 6 12 24 15 36 66 72 51 33 27 90 54 63 45 87 93 15 75 57 6 81 72 93 33 42 12 99 75 51 84 66 36 57 6 30 36 9 90 66 12 30 36 75 24 27 42 30 45 21 81 42 3 9 45 45 63 27 72 81 78 3 21 33 75 3 75 18 15 12 18 18 33 42 3 63 87 18 15 33 78 96 6 60 60
100 9 72 27 87 81 72 87 81 60 39 81 24 30 84 60 63 75 63 36 39 63 51 6 9 27 87 63 60 6 33 21 21 57 39 87 51 60 6 75 30 81 78 9 54 63 93 9 24 3 66 90 12 12 72 93 24 63 66 69 69 45 72 90 87 90 90 48 36 96 24 99 75 12 51 18 42 66 90 9 6 39 42 57 18 54 15 87 48 27 45 12 72 99 45 57 66 18 51 36 96
100 66 69 96 90 63 42 12 78 78 96 45 18 18 21 84 81 96 33 30 21 99 12 18 24 84 15 36 72 78 81 3 93 90 18 9 60 42 45 90 6 54 87 90 93 75 12 45 18 45 45 33 90 78 72 93 15 48 99 57 54 63 75 57 96 93 99 30 69 27 12 12 15 15 3 39 42 3 39 60 63 75 30 3 33 9 27 72 78 3 9 93 39 63 36 42 75 15 21 57 48
100 27 69 36 90 90 30 66 87 84 72 42 60 51 99 30 90 18 93 18 72 66 87 60 42 93 18 3 69 75 63 54 60 60 78 84 21 96 24 81 36 87 87 51 57 72 21 54 57 96 3 93 90 9 36 12 93 27 69 72 15 33 12 51 54 51 9 21 42 63 51 24 60 93 27 69 60 45 15 42 60 3 66 15 36 93 81 90 51 51 6 96 81 75 33 81 24 33 30 99 9
100 3 69 27 90 69 45 93 66 66 15 84 30 69 36 66 39 6 33 24 57 54 90 45 87 51 69 81 30 3 99 36 24 66 84 93 21 39 93 48 69 90 30 81 66 36 87 48 66 24 81 66 48 21 78 81 75 3 81 12 6 9 39 27 15 87 9 60 66 6 42 69 27 84 3 18 48 93 84 39 24 57 24 84 93 66 90 69 9 93 57 84 72 3 33 6 81 93 27 57 3
100 27 57 81 39 96 24 87 66 57 57 75 66 78 21 15 42 36 96 66 30 60 21 66 66 6 75 66 3 66 99 99 78 75 60 69 57 66 87 99 42 93 42 84 9 87 12 84 81 27 87 75 54 3 24 57 36 60 66 45 96 96 15 57 93 24 78 3 72 96 3 30 90 57 30 63 87 69 33 42 3 27 90 72 54 87 9 87 78 93 18 54 66 39 45 21 99 90 6 39 15
100 60 57 75 39 30 69 36 36 24 69 24 69 30 75 93 87 33 54 3 48 99 51 90 51 6 93 63 63 30 60 48 33 90 93 33 48 39 42 15 78 90 15 63 90 15 18 3 63 12 30 84 21 15 39 36 51 93 48 48 45 84 99 99 63 63 51 78 33 87 48 99 63 30 9 30 3 75 99 24 78 63 6 3 42 21 78 93 30 57 99 21 60 36 69 15 84 6 51 75 42
100 87 3 66 63 42 66 57 51 75 69 84 63 3 51 12 75 6 57 78 9 93 93 93 45 45 84 39 66 78 81 42 27 57 42 45 81 99 9 30 66 39 42 36 33 45 27 33 93 66 78 93 42 21 12 45 45 27 93 90 27 66 69 75 66 36 96 63 36 12 33 15 72 81 87 36 60 72 27 81 57 81 45 75 99 15 72 78 21 39 6 6 57 78 45 66 51 93 75 12 96
100 54 75 21 72 60 18 39 66 30 36 54 87 81 96 96 84 93 81 60 36 27 33 42 24 84 9 81 45 60 63 60 12 57 6 78 72 63 54 93 45 66 24 66 48 3 36 36 51 60 12 72 15 24 15 93 72 51 99 9 66 66 24 93 81 30 99 60 60 18 42 69 54 18 33 48 21 90 27 33 72 87 9 81 60 3 15 54 33 75 96 9 45 87 69 78 81 21 90 81 48
100 81 90 78 3 93 51 30 9 24 87 39 33 96 33 69 33 33 33 60 27 87 27 90 87 24 60 3 42 75 42 90 18 99 33 81 3 12 87 96 6 63 63 45 87 12 90 96 72 72 12 72 3 30 51 84 75 90 51 21 78 30 81 45 33 60 66 30 21 99 9 48 66 24 84 15 24 48 78 9 54 75 3 33 87 21 87 60 45 54 36 33 36 27 57 48 21 3 54 33 45
100 9 87 96 66 66 99 3 72 36 72 87 27 96 6 3 15 27 75 54 36 12 54 66 24 6 99 81 60 24 24 81 93 42 45 48 90 30 30 60 96 21 81 96 30 57 30 18 24 87 36 24 45 75 15 69 27 30 75 96 30 72 21 54 6 42 60 3 48 27 93 99 99 66 78 87 48 24 72 39 30 72 9 75 36 15 30 21 39 87 36 84 99 33 42 6 42 45 6 99 87
100 6 36 24 96 93 36 66 12 21 42 39 75 42 15 78 84 21 39 66 84 81 75 72 96 90 12 48 87 51 63 21 39 3 42 66 12 69 60 84 72 12 12 42 30 87 87 63 15 84 90 78 78 12 33 72 24 24 18 78 81 33 72 12 15 12 27 24 12 30 75 3 51 33 72 42 9 3 39 36 51 90 24 51 18 3 60 75 9 84 54 57 45 15 57 39 90 15 60 39 18
100 39 12 93 60 69 33 60 84 36 87 18 48 75 36 36 9 87 21 39 60 18 30 81 96 3 15 96 90 45 33 3 84 18 6 90 3 27 36 90 84 12 27 9 69 75 39 48 78 69 18 48 66 15 75 21 66 12 9 36 12 90 72 42 93 78 96 54 72 12 87 99 57 90 33 87 69 87 24 27 15 54 72 69 75 36 66 81 69 24 72 12 39 96 54 87 6 9 48 24 69
100 84 30 15 66 48 9 24 15 60 24 54 6 27 60 63 54 30 27 15 12 81 27 96 30 45 99 54 15 9 36 81 99 30 30 51 93 12 63 72 75 84 75 99 42 60 12 21 30 57 18 15 42 30 90 78 75 60 72 84 3 96 36 33 78 75 36 96 75 51 27 78 24 39 69 57 48 12 42 15 69 33 24 69 36 6 84 69 12 45 72 69 3 15 30 30 9 84 12 9 6
100 54 63 69 45 99 3 45 84 45 84 87 36 39 9 24 78 93 78 66 90 81 60 57 78 63 72 75 18 51 99 93 12 36 12 69 21 96 81 93 75 54 12 21 96 87 75 81 69 63 6 45 21 42 9 90 3 84 75 27 63 54 33 6 72 21 66 3 27 12 12 18 15 45 42 18 72 96 69 81 45 72 42 12 45 15 15 87 66 48 69 69 45 36 24 75 60 54 24 60 66
100 24 66 27 78 90 75 87 33 6 66 75 9 60 36 96 39 9 51 27 93 54 36 24 93 21 12 36 93 39 24 51 90 9 84 36 78 93 30 72 9 30 51 78 12 60 6 48 18 27 69 45 18 81 51 72 99 51 96 87 93 87 75 24 24 9 6 57 42 87 75 81 48 84 30 18 60 45 42 51 12 63 57 18 15 30 24 45 63 48 9 15 60 84 18 69 51 84 87 87 39
100 60 90 96 42 33 72 69 84 21 9 51 57 6 63 6 99 33 42 9 45 78 99 15 63 51 69 9 93 69 78 51 15 96 96 66 39 57 21 33 69 90 36 69 6 18 81 3 84 21 6 42 6 75 39 60 81 60 48 33 51 96 93 87 57 84 87 63 66 54 24 12 36 60 78 57 24 81 99 81 75 84 90 39 33 51 96 60 75 30 69 87 99 45 90 27 63 99 9 63 6
100 39 24 24 9 60 69 6 96 33 27 93 81 42 72 99 90 90 51 51 12 54 72 18 87 3 72 57 54 57 93 9 87 15 78 78 42 66 75 36 27 66 21 27 78 15 99 84 48 24 6 36 57 78 39 87 54 18 27 36 87 21 90 93 54 3 6 45 63 42 3 54 93 54 36 27 15 81 96 21 99 66 96 12 54 36 42 78 51 81 90 36 69 93 69 66 12 36 33 18 21
100 45 36 81 93 60 18 81 93 93 93 6 81 60 99 78 54 42 27 18 45 27 36 87 33 36 27 69 72 39 27 51 42 3 30 99 96 66 81 15 96 27 36 18 30 63 24 99 33 9 69 81 30 30 66 33 51 48 75 69 66 75 21 42 78 78 81 72 24 6 48 96 12 90 63 78 84 12 75 15 66 36 72 81 87 93 72 96 63 6 90 42 42 84 60 3 36 84 69 54 33
100 30 72 33 87 51 69 9 30 9 99 93 51 48 69 36 3 6 72 99 75 63 66 81 84 96 42 21 99 33 90 75 33 60 81 33 57 21 66 96 45 33 60 9 69 69 99 72 57 96 90 69 33 39 78 18 78 57 33 84 75 72 18 63 30 45 93 93 66 48 93 45 39 6 96 15 54 72 15 18 87 75 63 57 51 24 24 9 6 9 60 84 60 24 6 42 54 15 99 90 42
100 39 69 9 30 87 15 30 63 27 99 51 42 6 30 78 63 72 33 24 33 3 12 30 48 60 93 69 99 54 24 93 27 57 6 54 93 27 96 69 12 51 84 90 18 9 18 18 18 57 93 9 36 6 3 72 63 3 36 21 33 66 24 9 42 54 30 96 3 51 48 99 18 87 9 63 72 69 66 93 33 45 3 30 39 27 3 12 96 99 9 21 99 51 45 54 24 39 6 72 33
100 15 30 30 33 33 33 57 12 63 6 30 36 33 60 99 33 51 66 30 87 63 27 15 18 63 36 39 39 84 3 57 60 24 57 87 90 18 57 90 33 96 87 42 51 63 6 96 81 18 39 78 93 6 18 93 15 57 42 78 96 60 54 42 42 60 12 39 42 96 33 63 84 99 48 75 81 30 69 72 42 90 96 30 99 24 33 45 87 96 84 99 99 45 78 81 21 24 51 27 54
100 27 84 84 6 72 72 33 15 45 84 48 78 30 54 99 96 60 6 18 90 96 33 27 15 51 99 9 51 42 12 24 81 99 6 3 99 90 18 51 6 21 96 57 99 81 69 78 84 54 33 81 87 87 30 30 60 69 72 36 54 66 81 15 30 27 69 87 42 75 81 90 90 33 54 54 75 78 39 48 27 21 75 84 84 78 21 54 12 63 60 81 15 6 60 66 21 24 75 18 45
100 60 60 48 96 6 36 45 9 39 63 3 33 21 27 30 81 66 78 90 75 63 66 9 66 93 27 42 39 3 9 78 48 42 87 15 36 39 18 66 12 9 15 33 9 51 60 63 21 27 6 57 90 66 27 57 27 24 60 36 30 42 21 21 12 18 60 51 3 33 81 51 75 21 72 87 39 30 30 3 75 60 78 81 39 81 12 87 75 57 24 54 33 51 81 30 18 45 42 24 99
100 9 54 54 27 90 39 33 66 6 15 63 72 27 93 57 15 69 18 96 96 78 39 48 63 72 30 96 6 15 33 54 57 12 57 15 24 54 42 66 24 39 99 93 63 24 45 42 48 9 60 45 45 15 18 15 27 60 24 45 57 87 24 99 60 87 36 24 45 3 27 57 21 96 75 99 87 21 51 24 96 12 12 21 69 81 42 75 6 15 45 99 75 81 51 33 6 69 33 93 63
100 93 36 18 63 78 57 45 99 60 9 27 6 87 39 66 9 69 24 24 6 42 36 75 54 15 93 66 78 96 21 6 54 81 78 18 99 18 51 69 63 57 15 93 63 54 78 30 9 27 6 66 69 96 54 66 93 36 96 66 72 30 9 99 57 78 63 18 93 27 99 84 84 90 30 66 15 6 60 99 90 48 39 84 24 54 99 39 51 78 48 84 3 18 12 21 36 78 87 60 54
100 99 57 33 15 6 3 75 96 84 9 81 66 24 99 39 78 81 87 54 84 81 66 81 18 96 27 18 45 33 21 99 87 93 99 36 30 87 87 75 99 21 93 90 75 30 84 27 87 90 63 87 24 90 57 87 39 51 72 81 33 18 54 84 69 69 90 96 69 69 51 75 18 51 78 51 87 51 36 78 30 75 48 30 84 96 84 60 54 9 72 6 75 75 99 75 90 6 45 21 12
100 69 51 18 66 48 57 66 21 48 69 12 81 18 60 93 87 30 42 24 33 99 51 30 90 39 3 3 21 96 66 96 15 54 60 69 96 69 69 9 6 93 54 69 66 93 27 75 60 51 30 84 90 6 39 33 15 60 24 12 72 12 75 42 3 18 78 84 45 33 27 15 12 57 18 12 6 93 18 3 81 72 51 54 27 63 24 69 96 18 99 48 3 12 81 42 51 42 48 3 33
100 42 81 27 63 66 63 78 36 36 24 54 63 81 54 12 99 24 18 72 81 72 57 57 21 21 87 72 42 69 30 54 51 36 33 78 15 54 36 57 99 45 6 12 99 18 84 18 42 78 42 90 27 9 63 99 45 66 75 93 87 3 63 33 39 84 69 45 15 78 87 21 75 99 72 27 69 18 78 3 96 27 30 75 24 6 30 84 69 84 54 33 18 45 33 36 3 24 69 24 39
100 75 54 36 96 21 15 9 60 87 33 12 81 39 57 39 99 18 15 87 24 3 84 75 99 72 48 18 6 21 87 12 51 90 18 15 84 72 21 54 18 15 60 93 99 75 30 54 93 81 81 72 84 99 48 3 6 69 75 27 18 69 57 81 90 48 51 81 81 60 99 30 18 57 72 96 69 36 12 96 33 75 93 24 93 69 75 81 24 21 39 96 93 24 99 21 12 21 72 51 9
100 81 75 60 48 33 39 18 75 36 69 9 66 90 75 69 81 6 54 36 51 15 66 42 27 18 90 63 75 36 96 84 12 90 57 18 51 78 42 66 81 9 39 99 51 39 66 78 63 39 60 24 21 21 12 51 84 12 57 78 42 84 96 9 93 9 51 18 51 15 63 57 66 39 42 60 3 81 6 33 78 96 51 9 36 15 6 54 6 9 15 12 87 9 42 33 51 18 15 57 48
100 84 57 42 87 81 54 18 63 30 48 39 63 66 12 99 3 48 24 63 45 39 24 63 90 81 84 54 72 9 81 72 69 27 27 69 30 54 51 75 9 87 6 12 75 45 75 42 36 18 18 87 75 63 51 81 30 45 24 12 3 63 72 84 60 63 57 75 21 9 78 75 75 15 66 48 33 39 78 39 12 42 9 72 15 87 57 42 93 54 87 75 75 63 30 96 72 75 96 87 15
100 51 81 63 54 15 63 90 69 18 6 87 27 30 15 42 87 75 30 99 99 63 24 87 75 15 63 75 9 6 9 69 96 69 30 75 57 42 69 51 54 3 66 27 42 36 96 24 36 81 12 24 60 87 81 24 90 78 39 99 81 96 30 33 45 75 33 21 90 6 72 93 93 63 15 81 36 39 39 93 33 24 93 60 3 78 21 75 90 27 57 27 72 27 3 81 45 12 18 33 96
100 39 3 6 12 81 96 51 60 18 15 78 12 57 96 12 81 27 9 87 3 66 15 21 75 66 63 69 90 87 21 42 3 66 6 51 45 66 81 27 12 93 60 21 9 39 21 78 9 96 6 90 75 36 54 57 27 96 36 75 78 36 54 27 60 45 69 36 57 87 93 9 78 51 12 39 72 81 72 66 48 45 69 57 99 30 87 15 57 12 84 45 30 6 6 87 27 81 15 45 60
100 72 24 90 3 36 57 90 36 57 96 36 9 96 48 99 30 69 18 33 48 96 81 18 78 54 39 15 33 96 21 99 93 63 24 69 54 72 15 9 78 78 18 33 36 18 45 99 42 45 96 63 57 30 24 45 36 57 93 60 63 87 21 60 78 39 15 51 12 24 27 42 9 75 24 30 96 51 60 27 33 39 18 72 87 81 72 63 48 30 21 51 99 72 57 24 63 87 36 24 84
100 72 30 6 72 21 51 60 84 21 96 90 63 15 33 27 54 24 12 21 75 75 75 39 27 39 15 24 3 33 6 54 54 30 96 57 3 69 63 63 78 84 63 39 87 90 81 90 21 45 6 75 48 66 63 36 54 33 45 42 48 54 84 87 96 66 87 48 15 75 21 9 51 27 72 75 18 36 87 18 75 84 84 51 45 51 60 39 54 24 15 12 51 27 6 69 15 18 3 69 30
100 90 84 18 48 6 39 54 30 66 57 81 39 81 69 69 66 12 72 9 69 84 39 81 60 42 60 3 30 24 81 81 45 12 75 84 90 33 60 3 57 57 27 93 93 81 36 57 84 45 48 6 3 75 6 27 54 3 15 18 63 27 78 87 51 96 33 12 3 72 87 12 75 33 81 48 45 93 66 93 66 51 93 21 3 36 18 96 69 96 6 96 90 33 99 84 81 18 3 51 90
100 18 6 9 39 45 9 96 75 69 30 3 72 27 60 81 27 21 33 18 36 63 9 72 72 75 21 75 66 93 39 18 69 57 3 57 18 3 60 18 30 90 42 69 57 48 9 30 99 9 24 39 12 48 21 51 48 93 39 33 81 60 99 93 75 54 18 21 90 6 78 48 21 81 21 90 24 90 24 72 81 6 81 72 36 81 33 12 81 3 6 57 27 45 36 72 63 9 39 45 18
100 9 99 96 87 27 72 63 81 36 36 57 93 24 6 78 99 93 48 57 45 30 36 51 12 99 99 90 51 87 78 21 75 84 48 9 3 42 39 48 42 60 33 45 99 54 93 84 18 84 57 3 75 18 63 24 93 90 18 66 12 18 3 57 36 72 84 33 90 69 21 33 33 21 78 96 93 78 84 51 69 3 6 6 18 78 6 27 27 30 9 54 9 54 48 93 57 36 99 96 51
100 24 33 6 48 24 90 99 24 99 33 39 27 12 48 90 39 54 90 24 24 21 87 99 48 66 78 15 87 90 69 66 72 6 93 99 63 24 24 21 15 75 81 99 15 33 12 54 18 63 30 60 60 78 93 9 66 63 9 15 27 93 42 66 39 60 9 6 42 27 33 36 21 42 84 21 60 90 9 87 6 45 36 39 9 60 15 84 54 39 93 36 51 90 27 30 15 45 27 78 66
100 42 66 36 18 33 93 39 9 27 84 72 57 27 69 99 99 30 57 84 96 90 84 33 39 33 30 48 84 72 87 81 12 21 30 42 90 75 24 15 27 99 78 6 48 33 87 60 30 12 9 87 6 75 87 21 39 51 9 33 24 99 93 63 84 78 48 3 90 84 24 3 78 9 54 6 60 69 69 96 48 6 69 66 12 12 63 84 54 51 30 21 15 42 3 9 45 60 30 18 69
100 51 27 96 45 33 99 63 18 12 33 42 18 75 54 30 66 9 27 36 18 57 12 36 78 15 24 45 15 78 36 45 78 87 54 3 18 12 78 24 99 30 21 3 12 75 18 36 15 60 78 45 63 90 54 18 72 45 81 39 57 57 63 84 24 57 30 45 72 75 21 93 3 48 48 69 6 18 24 51 45 45 78 84 78 60 42 33 39 15 6 15 9 57 81 66 99 51 3 18 39
100 96 33 60 66 3 27 45 42 75 78 93 54 78 45 3 36 84 33 75 48 99 90 69 81 81 90 15 66 3 36 39 93 63 96 57 87 27 30 84 63 75 63 60 60 51 57 18 69 45 24 96 66 45 81 57 84 18 78 96 3 78 45 12 81 99 21 99 75 72 15 48 96 9 36 78 3 27 3 24 42 99 93 24 21 87 87 72 51 24 63 87 42 30 72 84 75 72 9 27 96
100 72 42 24 42 90 60 30 63 51 24 81 6 36 96 48 12 36 36 18 66 39 12 30 57 63 96 9 48 39 45 45 9 6 42 48 60 57 84 90 87 15 78 36 78 12 15 12 57 60 63 30 24 96 3 75 12 45 33 93 51 57 6 9 12 87 21 39 63 24 3 54 18 54 15 81 96 69 93 93 66 12 42 15 15 36 72 75 9 51 12 81 42 81 96 99 81 33 30 51 72
100 21 42 12 48 36 63 24 51 27 12 27 18 60 54 9 66 39 78 48 39 93 33 48 45 81 54 63 24 45 21 9 69 69 96 45 6 12 21 72 81 81 3 51 3 3 96 39 78 99 45 72 63 90 33 36 51 99 54 90 81 66 87 87 30 39 75 6 24 30 30 90 12 93 93 93 75 99 30 21 84 27 9 39 12 45 18 57 42 66 33 63 9 39 48 6 12 99 42 33 36
100 12 21 36 27 78 12 63 81 69 42 6 12 21 42 6 30 15 39 66 12 48 72 15 18 42 18 69 12 96 75 96 15 81 87 12 84 39 15 3 27 42 24 81 24 57 51 81 57 81 72 93 69 57 18 66 9 12 78 66 24 18 66 24 99 27 60 57 42 36 12 18 39 18 99 84 69 72 72 33 18 90 9 78 15 69 12 9 75 33 30 87 21 39 51 3 75 96 24 27 84
100 54 24 27 66 75 99 99 90 66 72 96 57 90 54 57 69 3 12 45 69 96 9 96 39 18 51 39 18 96 33 33 90 30 60 33 27 36 90 45 24 99 69 30 42 18 3 21 87 12 60 27 48 90 3 81 24 39 48 48 81 45 57 6 54 93 27 48 18 45 90 6 57 66 96 24 27 45 93 96 45 72 42 96 63 87 75 57 57 96 66 15 81 9 6 3 57 93 81 33 69
100 39 93 39 96 45 75 30 30 84 72 21 42 63 24 24 84 75 3 3 87 45 48 18 84 18 84 30 63 36 96 60 30 30 93 27 72 84 48 72 96 63 84 99 60 60 9 81 69 42 21 69 18 48 9 54 24 90 48 15 33 72 96 81 27 63 3 45 42 78 45 84 54 99 90 81 6 87 42 3 27 24 42 84 87 30 99 15 21 48 24 21 27 84 39 63 75 96 42 9 75
100 12 30 69 81 96 21 45 93 57 66 63 90 24 54 39 18 78 75 57 42 12 90 51 75 87 33 66 72 51 9 51 96 12 30 42 27 33 81 42 99 63 93 36 93 36 39 78 63 69 78 90 48 57 99 87 99 48 99 30 3 81 99 84 12 9 15 63 51 87 66 81 57 69 18 48 3 69 75 81 72 18 57 60 87 66 60 78 69 54 24 27 69 81 66 93 42 45 9 48 93
100 57 96 54 39 87 12 51 96 81 18 18 60 72 18 3 24 30 99 69 30 75 69 45 9 48 12 87 93 96 51 21 39 48 69 21 75 87 57 24 63 3 75 27 48 48 12 81 69 30 75 84 96 30 30 75 96 15 90 33 78 9 90 48 3 78 99 3 48 78 36 45 39 75 48 81 27 99 51 96 90 93 78 90 78 96 72 63 96 96 72 87 90 36 93 33 24 6 42 51 90
100 90 81 30 6 24 45 51 21 48 3 42 72 3 93 93 36 66 45 66 78 96 42 78 45 81 45 54 57 96 93 33 87 42 84 9 75 27 39 42 30 78 81 69 12 75 6 57 81 69 9 69 99 54 48 63 51 57 15 78 51 87 12 45 51 51 12 87 9 12 45 12 96 27 57 6 75 90 87 63 60 87 3 66 69 3 66 42 72 57 12 63 72 24 12 9 93 6 60 87 57
100 69 84 66 99 96 93 39 66 30 66 15 45 96 12 33 9 87 51 21 42 39 99 3 60 27 63 21 9 36 60 18 18 96 39 99 21 60 60 36 75 3 45 96 6 6 51 39 63 60 54 78 3 69 99 72 66 75 33 78 63 6 24 33 87 90 63 69 6 39 6 75 99 87 81 6 57 69 18 15 39 81 72 63 87 12 21 72 90 57 3 75 45 30 54 51 33 48 3 66 84
100 33 24 9 27 18 36 48 3 81 66 48 81 99 78 75 69 33 78 9 6 12 72 81 57 54 30 9 18 99 84 51 66 24 69 78 60 75 12 93 9 21 6 93 84 21 15 24 96 48 87 12 51 66 24 18 78 60 87 12 6 84 15 81 30 45 57 99 96 57 81 48 84 81 9 15 33 18 15 21 63 72 57 6 39 69 51 30 63 27 81 33 81 24 87 42 51 6 93 63 21
100 66 63 72 84 48 93 93 15 48 39 78 66 96 24 39 60 18 3 45 90 6 42 39 36 48 93 21 75 18 39 48 57 42 36 12 72 54 54 81 75 33 30 93 96 39 9 69 54 33 57 6 69 81 42 48 12 60 33 75 78 54 90 57 96 78 27 66 27 3 48 69 66 75 21 12 33 39 3 57 75 18 48 69 93 60 75 66 6 9 3 12 54 9 72 75 45 6 15 51 99
100 36 78 36 18 36 24 81 51 84 3 24 75 30 21 84 69 27 12 66 12 42 75 84 48 57 6 24 51 66 24 54 57 84 27 36 93 3 84 36 84 6 3 93 66 51 96 75 87 66 48 42 6 12 21 72 6 45 30 24 60 36 69 63 54 75 54 33 27 75 99 63 78 33 12 18 30 63 84 90 6 27 3 30 66 96 51 54 33 87 24 72 3 63 6 93 6 3 30 75 18
100 30 9 72 78 15 72 9 57 90 84 84 99 69 45 90 36 15 15 90 75 54 6 39 84 84 6 36 99 72 84 36 90 18 48 15 66 24 21 99 42 6 15 36 60 36 48 33 39 63 51 6 24 81 45 87 99 99 15 18 66 63 66 81 54 51 30 15 63 39 6 42 42 66 96 60 72 75 15 48 63 99 9 3 15 15 96 42 90 54 30 9 60 57 78 54 84 24 99 96 78
100 15 87 63 39 51 66 60 54 87 90 57 87 75 72 9 60 6 15 72 12 48 27 33 90 84 66 36 45 9 18 42 72 48 18 60 33 90 33 60 69 24 33 78 54 54 39 24 27 81 63 18 48 84 69 42 42 15 15 42 45 78 45 9 57 15 39 69 30 6 63 90 9 3 99 36 30 6 69 96 93 57 48 30 33 57 39 48 24 87 33 81 21 45 75 9 36 87 51 84 36
100 90 6 75 90 51 21 69 45 27 84 90 57 6 9 48 3 36 30 30 36 93 9 33 12 72 72 42 75 81 60 18 30 54 90 90 84 54 63 81 93 30 33 84 27 78 30 30 33 33 15 87 9 84 18 69 63 96 33 45 21 60 42 51 27 93 84 9 63 51 87 9 66 60 39 87 78 87 51 36 81 54 51 78 96 84 75 36 63 48 3 18 78 27 78 93 60 84 12 60 36
100 6 93 96 6 63 69 69 36 90 93 69 21 87 57 33 48 36 84 45 27 90 87 45 72 81 15 93 84 60 12 42 90 63 63 84 36 72 18 54 36 48 30 99 33 39 21 54 21 87 84 66 63 42 87 6 42 81 12 9 69 15 93 60 30 66 96 66 66 18 66 99 69 78 48 48 33 63 84 36 51 42 39 87 30 84 48 51 54 99 78 81 48 3 39 30 90 75 39 75 54
100 54 60 21 69 30 48 60 39 6 12 36 42 3 66 24 60 93 3 51 87 66 63 75 30 42 21 96 57 87 24 84 96 96 12 72 93 42 60 54 30 24 60 3 72 51 93 42 27 45 96 99 99 45 42 99 24 87 63 72 51 90 24 84 90 9 39 6 39 54 87 3 57 72 51 42 18 87 24 63 18 42 12 75 69 60 54 69 45 87 45 93 48 18 90 72 54 18 75 48 90
100 54 90 96 60 9 60 96 60 39 60 42 90 90 75 39 42 18 27 27 21 99 48 75 48 63 75 90 33 33 24 90 3 90 93 42 69 75 90 66 3 21 96 18 9 18 72 45 42 51 18 81 78 99 3 81 84 24 6 93 63 90 63 21 66 54 45 45 15 9 9 45 36 75 18 36 93 30 87 21 78 54 42 6 60 6 84 60 63 42 84 18 96 93 24 99 93 27 30 24 15
100 72 24 60 45 54 54 48 30 51 30 42 66 87 99 87 90 12 63 75 60 9 60 24 15 75 57 93 45 87 9 48 36 84 96 78 81 24 63 15 75 42 12 60 63 3 84 21 24 93 30 15 57 42 90 57 57 78 63 3 90 33 72 42 36 6 90 30 63 96 51 63 75 6 48 48 96 39 51 60 96 75 42 15 60 39 78 45 99 66 72 63 84 69 96 9 9 42 75 24 24
100 21 93 21 27 90 57 6 45 84 63 36 9 63 24 15 90 96 57 87 84 75 33 33 39 48 48 12 78 39 90 93 75 51 78 21 93 45 33 18 66 24 57 66 99 27 72 30 6 75 60 81 72 36 57 87 54 36 45 3 45 39 3 93 15 69 33 36 27 66 63 27 12 9 36 78 99 75 75 54 33 51 72 81 51 54 39 21 30 75 42 36 9 48 18 54 30 36 90 48 24
100 90 39 3 81 24 45 69 48 18 15 90 72 15 36 99 84 75 45 81 27 15 36 93 3 33 9 18 9 69 90 78 84 24 27 9 48 42 27 39 57 87 81 72 9 78 21 33 27 63 24 39 18 87 69 30 84 81 42 3 51 6 9 3 12 54 15 93 6 3 45 42 48 18 90 24 39 24 45 45 48 51 69 69 15 81 69 54 51 42 72 48 87 48 42 51 18 63 48 96 81
100 33 54 84 57 9 15 66 27 63 15 63 39 3 27 27 99 39 78 24 18 45 54 69 69 24 30 54 63 87 81 63 66 12 39 69 78 69 60 93 93 39 54 18 33 45 60 99 12 24 27 45 90 12 48 78 12 30 30 42 72 45 57 66 24 15 42 66 15 18 99 99 33 69 39 87 78 3 9 15 63 63 54 54 21 96 45 6 84 63 78 48 57 42 36 39 24 84 9 36 69
100 87 99 54 30 51 90 78 84 39 42 36 93 18 66 90 69 18 21 33 90 3 60 12 18 24 81 60 30 51 81 75 33 36 42 27 63 45 39 87 48 90 21 30 84 24 78 42 9 42 72 69 84 72 99 30 66 81 87 69 9 75 99 84 96 84 9 93 24 84 18 48 93 6 24 87 39 9 51 30 9 18 18 57 96 24 57 54 15 78 39 18 30 90 60 42 90 63 51 42 81
100 30 42 36 60 21 45 99 60 18 75 84 6 36 96 45 21 21 18 93 45 87 39 72 90 33 33 27 36 36 36 27 60 15 3 63 30 93 48 63 21 84 3 9 51 30 81 30 30 96 66 90 36 75 15 99 96 27 27 24 96 24 87 72 6 3 3 51 9 84 51 48 6 66 96 60 36 63 57 33 69 90 93 78 57 93 81 93 99 78 54 33 15 54 27 54 96 51 63 72 51
100 9 99 54 96 69 42 69 33 36 27 27 15 75 51 54 30 51 36 12 27 90 99 30 15 93 69 96 39 90 90 27 15 18 6 84 9 3 21 72 39 66 6 90 93 84 87 75 60 48 36 42 54 54 87 60 30 3 84 99 15 36 69 24 12 21 18 96 60 60 42 24 84 72 45 60 42 90 93 9 84 9 45 54 51 51 36 36 6 60 84 81 90 75 39 48 93 87 18 93 24
100 9 12 33 96 21 18 51 48 27 96 42 9 81 45 27 36 39 12 18 84 24 15 84 9 33 66 24 48 75 24 30 54 21 18 39 48 24 12 72 63 30 27 21 87 99 24 24 30 27 96 12 60 3 24 15 72 51 54 69 69 51 96 36 54 45 3 42 66 3 6 27 75 99 27 69 30 99 9 27 54 66 96 87 54 81 63 9 66 75 3 84 57 66 24 90 69 42 21 51 24
100 45 81 57 24 51 39 48 75 36 93 51 63 99 12 27 84 42 27 39 33 3 6 3 87 75 60 48 51 99 63 15 87 45 18 6 66 93 96 69 78 39 3 12 66 81 93 87 9 72 3 84 84 24 48 99 72 54 93 84 21 36 27 39 9 39 96 87 84 18 93 57 45 27 3 72 42 72 99 60 39 90 24 69 9 81 75 12 6 66 72 93 9 87 42 12 69 12 96 15 84
100 42 24 27 63 24 15 75 81 69 36 78 54 87 48 12 42 39 30 3 36 78 36 63 78 33 72 39 45 30 27 99 54 75 72 99 42 90 6 99 78 6 18 15 78 27 48 57 69 96 48 69 42 51 96 42 33 39 45 9 24 15 81 12 36 18 15 72 39 45 27 69 18 36 75 93 78 30 57 27 87 69 96 51 99 42 51 87 39 93 9 9 60 96 99 66 6 51 75 12 63
100 63 84 99 36 90 84 9 81 75 48 6 15 90 24 63 6 51 84 48 24 99 99 15 9 24 75 81 42 33 48 48 39 18 60 42 30 63 81 90 93 54 60 15 30 9 42 21 96 66 48 60 36 69 27 93 57 54 12 72 24 15 12 87 42 69 69 36 18 45 84 93 63 63 75 42 60 75 30 96 27 93 87 18 9 87 54 75 51 36 45 96 12 93 42 45 54 36 48 24 45
100 63 75 48 69 66 42 57 3 93 75 84 45 45 90 51 15 72 6 96 6 90 72 42 48 51 87 6 99 75 96 78 15 21 42 21 99 18 12 81 27 60 30 39 48 3 66 81 45 81 9 6 90 96 24 30 3 33 48 3 15 45 42 15 12 90 48 78 48 18 69 15 72 3 66 96 21 72 60 45 12 60 57 6 24 30 27 72 6 48 78 93 15 15 21 54 84 87 54 72 36
100 3 15 48 30 63 66 84 60 60 54 66 84 48 45 36 51 24 27 99 78 36 9 66 18 84 42 18 18 27 57 21 75 93 27 96 51 36 87 27 12 30 57 96 27 93 63 45 57 93 30 93 57 51 72 24 69 51 27 21 39 63 6 33 99 30 81 96 45 81 42 51 15 96 15 3 15 75 3 81 36 48 99 93 93 96 51 84 96 30 15 93 30 30 69 87 27 93 57 90 87
100 36 18 42 15 51 45 3 9 93 60 30 15 69 54 90 27 81 72 66 90 93 93 39 48 69 3 48 75 42 78 93 75 24 36 18 75 9 15 9 90 3 54 45 96 33 96 57 27 96 45 84 93 9 36 24 30 72 93 15 75 93 24 3 24 6 51 27 24 27 6 36 48 75 87 6 66 75 84 93 99 30 6 33 60 24 12 66 87 96 72 51 72 57 3 90 87 48 75 99 69
100 87 12 78 48 12 21 30 42 99 66 18 15 36 81 33 36 90 33 27 33 69 66 63 78 69 12 36 9 69 57 72 75 69 63 33 96 33 72 30 81 36 18 96 72 42 51 96 87 63 21 33 69 87 96 54 72 6 75 51 87 60 99 30 90 75 45 54 60 42 87 99 39 60 21 99 87 72 15 3 54 66 72 45 72 36 45 96 3 84 72 48 93 36 81 57 18 27 9 81 72
100 63 12 54 48 21 12 69 21 93 6 12 57 93 90 81 78 84 87 90 99 36 30 78 69 81 21 36 36 42 36 87 66 33 78 54 30 3 39 66 6 15 87 12 66 69 24 63 27 39 15 75 72 96 45 99 57 24 42 93 12 6 54 12 87 21 36 48 18 9 60 3 78 75 36 69 27 33 72 36 63 39 84 3 3 84 63 33 57 33 30 3 27 78 51 21 9 60 75 27 3
100 36 87 69 9 6 30 24 9 39 9 57 42 66 84 57 15 45 24 90 90 99 90 60 57 21 75 81 27 9 93 84 27 39 63 3 87 66 69 69 9 15 60 24 66 54 72 15 39 66 15 30 3 3 90 54 24 57 99 69 21 81 48 54 21 51 60 54 18 18 90 36 6 36 63 60 18 90 21 60 45 45 18 9 6 75 63 63 9 9 90 30 21 33 81 69 48 78 12 27 15
100 9 24 48 48 57 24 48 99 63 3 93 21 39 72 78 87 63 39 54 72 72 18 15 21 93 84 96 33 36 81 96 36 87 27 30 57 84 24 12 66 36 75 21 69 39 99 3 30 87 15 72 9 99 87 75 18 36 51 78 24 21 15 99 90 72 21 9 63 33 72 96 54 90 75 54 75 93 3 63 57 33 72 57 36 96 45 96 18 21 9 48 6 75 45 42 21 81 12 66 51
100 27 42 42 42 84 21 87 66 51 57 27 69 36 54 93 90 21 96 78 75 93 21 81 99 84 99 24 9 48 93 39 42 6 78 21 84 42 21 99 24 57 78 54 72 27 63 60 33 69 96 66 15 96 63 84 45 27 42 93 27 90 84 3 84 51 45 78 30 21 66 36 27 3 96 24 99 21 60 60 78 12 27 30 18 54 6 96 3 60 60 9 60 21 54 72 78 21 42 87 21
100 33 72 90 39 15 84 60 51 90 81 24 66 90 24 24 75 60 96 93 30 54 30 9 18 69 54 93 3 36 45 45 45 6 72 66 15 54 87 3 30 48 99 57 27 75 72 48 39 21 45 78 72 15 96 48 27 96 69 9 39 66 39 78 75 9 33 72 57 78 21 45 39 39 87 81 63 81 60 9 87 66 57 57 75 63 27 99 87 90 78 96 39 18 93 12 84 57 78 45 84
100 48 15 93 12 42 30 30 3 33 66 72 51 66 39 42 6 75 15 15 36 9 39 78 33 30 84 69 72 87 84 39 24 42 24 72 21 69 90 57 15 87 45 15 51 30 60 42 99 6 78 39 36 18 84 72 15 48 69 51 87 51 69 69 15 54 24 93 42 21 3 84 3 45 81 3 51 81 69 15 93 60 78 36 69 66 81 21 78 12 60 39 51 24 99 3 81 12 57 3 48
100 51 54 36 3 9 60 36 90 3 42 69 90 93 6 66 30 84 84 69 75 69 15 45 81 93 9 42 87 69 33 33 99 72 54 36 90 48 24 21 3 81 3 30 18 57 30 63 30 63 15 63 48 6 21 24 87 48 18 93 3 48 30 99 18 96 57 3 66 9 75 96 48 84 24 3 93 96 66 27 90 36 3 57 48 90 27 27 60 3 87 87 12 27 75 78 66 6 81 45 57
100 93 57 57 60 42 93 39 93 6 93 33 3 15 39 42 27 33 30 51 93 78 57 33 81 75 12 3 45 18 84 51 3 90 75 81 96 96 48 63 27 30 36 84 39 3 45 57 3 51 45 84 63 90 18 48 57 66 54 27 90 66 60 87 75 78 39 90 60 3 90 36 72 78 96 6 45 66 36 84 96 66 72 57 75 60 30 30 75 33 93 12 9 72 63 48 48 51 84 45 21
100 69 57 75 12 87 30 48 12 39 69 93 51 78 69 9 57 33 18 99 66 42 27 51 9 12 72 36 51 9 60 3 54 12 18 60 3 24 33 78 48 99 57 54 93 75 75 63 84 66 45 45 96 81 66 15 87 99 96 3 33 42 30 42 60 18 3 78 15 81 90 60 45 60 99 39 66 93 33 15 42 45 45 15 69 33 30 96 33 69 45 78 48 96 6 21 72 72 96 24 60
100 12 54 69 66 60 72 42 78 75 66 93 60 27 96 81 93 66 54 72 48 30 81 60 9 45 48 66 75 60 93 6 30 51 81 87 21 84 30 51 93 63 72 90 54 72 39 96 96 48 48 30 96 21 75 9 36 51 18 90 72 63 27 6 51 63 33 54 84 60 39 27 69 27 36 96 60 93 93 12 93 18 60 42 33 36 75 48 36 72 48 99 3 87 18 93 84 54 90 27 63
100 6 69 21 36 30 99 66 63 36 15 6 45 99 99 51 3 60 81 93 96 24 99 39 87 90 93 69 33 75 42 72 84 48 90 24 81 9 51 96 33 96 3 93 45 21 3 99 27 75 66 18 87 36 81 30 96 12 48 90 96 72 69 18 12 84 69 24 51 90 36 75 75 90 30 15 48 66 90 69 24 96 6 15 69 90 33 90 54 30 69 9 9 99 36 30 48 24 87 78 60
100 90 42 51 24 36 42 63 75 78 84 39 57 60 57 12 93 87 45 21 24 3 51 69 24 12 18 66 6 27 72 27 54 18 60 51 90 63 99 3 48 54 36 99 60 39 27 39 96 9 84 30 66 15 90 66 30 57 78 90 84 54 21 84 81 78 63 21 48 45 66 27 15 99 39 96 15 75 39 12 96 87 21 63 48 69 93 99 78 78 30 48 78 51 51 9 51 84 36 93 57
100 27 78 51 87 27 63 15 96 78 42 66 48 90 51 60 84 18 54 33 90 9 51 93 18 24 60 66 12 24 36 90 24 18 66 30 21 27 69 99 39 45 81 42 18 54 99 18 48 72 93 78 24 87 24 87 54 69 63 27 90 57 51 72 39 84 45 99 87 36 33 57 24 18 81 93 9 51 57 93 45 99 9 30 36 24 96 6 18 51 27 15 27 27 69 48 66 99 36 48 30
100 12 6 12 57 66 6 90 90 48 27 72 54 54 78 72 90 51 45 18 42 9 54 33 87 69 60 87 69 36 90 96 18 69 81 60 60 57 18 75 75 27 36 60 51 72 75 12 42 72 57 90 72 87 3 3 12 72 69 54 84 90 9 3 18 48 33 24 39 87 33 99 75 48 51 42 93 90 63 27 3 39 9 39 63 51 63 93 24 78 21 36 87 24 3 54 69 45 66 69 36
100 42 78 51 30 81 9 45 93 15 48 78 93 18 30 90 63 9 60 3 96 99 24 75 72 81 30 30 51 99 12 9 12 51 99 69 12 96 18 57 81 93 6 6 57 96 9 45 93 99 39 12 48 9 84 72 24 78 60 99 57 69 60 51 45 87 84 39 63 96 6 6 66 27 6 33 75 87 63 75 33 60 9 18 72 42 66 72 72 78 51 87 57 3 36 27 36 66 87 42 54
100 24 96 96 60 63 27 63 63 9 69 69 93 12 42 48 12 6 93 84 24 90 27 60 27 54 15 30 69 54 3 81 72 12 30 3 42 15 93 87 69 45 81 96 72 36 15 9 93 21 21 69 18 30 9 27 63 99 78 6 63 87 51 69 93 69 87 81 18 90 12 48 39 75 9 78 48 48 6 6 75 84 42 42 3 72 72 42 42 54 27 27 39 51 66 36 18 72 3 87 57
100 54 33 72 96 93 33 72 45 9 75 21 15 3 9 99 78 90 84 84 21 81 24 45 15 93 69 45 15 96 30 36 75 39 90 30 75 9 84 15 63 24 51 90 12 12 33 66 90 15 63 33 57 36 3 33 81 18 60 30 36 63 27 33 42 27 60 21 90 72 75 18 27 39 45 33 6 6 96 42 84 57 90 39 48 24 12 72 81 9 72 93 15 54 93 84 24 87 57 3 87
100 9 87 63 75 42 54 24 12 54 84 72 69 96 78 6 66 21 42 87 45 66 75 96 54 33 15 96 9 24 6 18 72 84 39 87 30 96 78 54 18 48 42 78 69 21 93 57 90 84 72 27 36 21 12 99 72 3 6 54 90 51 48 99 3 96 9 60 93 57 75 72 15 39 3 72 84 30 30 15 66 78 87 39 60 51 90 84 60 33 54 30 96 87 27 30 3 57 57 36 66
0
