13 86 51 9 15 67 8 8 38 57 6 3 72 47
13 85 48 14 79 64 20 95 4 29 92 10 65 84
13 86 32 26 24 28 18 51 42 63 18 84 95 27
13 24 23 44 97 12 42 93 8 51 60 87 25 8
13 63 75 91 38 40 69 38 12 66 45 36 44 46
13 70 88 17 73 53 24 59 96 97 5 17 20 57
13 94 51 46 97 97 70 74 39 59 66 16 6 91
13 35 92 82 49 83 51 59 29 47 88 43 47 93
13 81 88 64 7 39 50 39 74 99 63 65 22 82
13 72 90 70 94 8 96 80 68 29 39 47 3 50
13 12 53 97 13 72 32 24 89 56 29 44 4 67
13 5 29 64 15 11 38 80 33 26 64 26 77 88
13 21 91 42 1 32 59 96 91 29 63 35 98 82
13 53 31 72 57 43 77 22 15 41 34 83 27 37
13 72 7 67 69 71 35 51 32 29 96 31 9 89
13 41 27 37 23 42 75 87 41 15 62 67 42 43
13 8 77 59 67 88 41 79 12 99 31 9 72 7
13 92 33 35 24 92 60 6 64 27 61 25 4 24
13 52 67 30 96 30 47 86 88 88 66 54 94 85
13 88 41 99 87 52 65 59 54 4 11 12 92 42
13 88 8 53 85 31 51 94 80 58 42 81 78 44
13 27 68 14 88 21 3 69 63 75 77 19 88 64
13 72 15 73 98 45 75 26 26 54 20 46 100 86
13 66 93 61 39 64 50 13 43 4 19 66 21 14
13 83 87 84 72 16 29 39 46 80 2 51 75 51
13 71 26 84 91 64 32 88 20 80 35 82 52 71
13 86 47 6 21 3 20 39 55 35 20 2 41 86
13 38 89 35 15 55 34 9 63 59 63 43 9 51
13 23 45 91 82 73 84 8 20 70 86 5 73 57
13 96 67 94 26 71 46 16 33 13 60 38 43 50
13 38 8 31 35 60 14 29 2 9 2 39 24 9
13 63 18 24 6 83 43 86 54 32 99 36 7 43
13 22 4 18 29 27 55 30 35 26 6 53 2 66
13 100 98 9 57 92 9 71 99 73 95 97 11 52
13 70 4 6 85 65 43 93 29 78 92 50 100 73
13 21 7 96 29 51 3 24 9 51 7 75 57 21
13 69 68 32 2 51 98 46 98 70 36 63 76 23
13 72 11 74 3 33 89 88 36 60 51 32 56 88
13 87 68 29 66 100 1 67 20 5 64 65 84 75
13 39 32 54 94 38 2 84 65 8 91 62 27 26
13 31 58 23 74 16 37 25 48 59 60 98 82 93
13 55 17 91 55 87 39 27 27 51 70 77 40 5
13 88 86 66 3 51 90 46 47 45 25 67 39 61
13 84 21 57 60 21 84 99 78 33 75 95 52 94
13 92 95 59 14 7 32 17 31 46 68 33 84 4
13 2 38 76 58 22 3 86 71 90 36 22 56 89
13 2 32 28 95 22 3 14 86 49 87 25 32 83
13 76 46 49 88 36 12 83 49 8 57 89 97 56
13 41 62 77 80 92 21 33 70 94 27 63 3 50
13 43 71 14 77 81 10 1 16 85 65 86 56 63
13 42 1 31 46 5 97 83 54 76 28 97 71 73
13 49 40 16 49 73 12 60 50 58 38 88 15 21
13 20 50 36 50 39 78 53 30 97 71 40 81 70
13 1 15 14 34 63 68 4 8 9 59 75 3 63
13 14 64 62 36 76 37 7 50 37 49 21 26 87
13 64 42 46 54 88 92 80 77 37 100 53 79 91
13 49 66 5 46 71 2 87 70 32 62 12 85 65
13 2 60 18 98 78 39 35 79 73 86 59 14 66
13 42 58 14 60 78 83 27 44 68 57 21 75 85
13 17 35 57 68 40 33 74 84 17 89 3 85 58
13 11 66 70 92 20 55 38 21 9 14 53 62 10
13 70 95 46 93 55 43 86 37 65 94 39 43 50
13 26 50 4 51 70 22 87 59 36 17 27 8 98
13 9 28 6 32 98 46 29 74 30 90 86 50 36
13 37 27 45 46 16 62 78 13 10 50 1 87 2
13 53 85 25 81 56 37 39 72 39 98 41 23 40
13 70 36 36 36 74 35 15 47 21 68 84 90 96
13 46 7 2 34 52 17 88 57 12 79 19 64 11
13 12 10 60 25 57 27 70 61 72 33 18 15 27
13 35 34 2 18 38 39 34 79 58 93 14 47 24
13 63 58 18 6 37 44 85 12 30 86 20 95 50
13 5 30 73 92 84 21 46 41 59 47 26 20 95
13 50 87 3 25 77 73 20 75 12 8 50 51 87
13 35 19 18 88 52 62 72 17 100 10 22 13 69
13 89 9 10 93 87 79 44 63 99 12 3 86 89
13 100 54 34 98 67 9 80 97 22 93 20 27 9
13 98 86 97 14 30 74 62 29 68 45 16 97 25
13 58 97 16 88 29 79 83 37 35 86 13 91 27
13 54 23 87 13 4 57 4 82 69 71 74 72 61
13 6 32 88 7 53 90 50 42 33 8 76 5 98
13 7 84 9 53 34 16 95 83 54 47 9 31 44
13 42 77 53 32 4 37 46 15 60 23 88 9 46
13 29 26 96 41 85 32 50 20 43 3 50 70 24
13 96 90 45 22 80 77 28 94 68 17 69 86 38
13 44 15 37 84 59 91 78 40 100 14 77 45 1
13 15 28 14 82 55 60 13 87 3 48 8 56 25
13 25 76 23 64 9 25 44 42 13 3 52 79 41
13 90 11 100 39 30 67 58 37 75 23 6 48 51
13 30 54 30 82 61 78 35 13 27 84 48 81 98
13 85 11 43 56 26 51 49 14 59 15 57 10 92
13 32 85 40 46 8 88 85 13 57 7 23 13 7
13 76 29 57 57 87 91 48 22 14 28 47 71 57
13 84 92 27 52 12 98 40 81 5 45 12 93 21
13 81 67 83 74 75 99 31 85 52 24 26 23 63
13 67 91 58 62 53 38 18 85 9 97 11 99 90
13 7 32 45 56 39 22 9 22 77 51 16 49 28
13 75 32 31 16 41 82 82 23 3 87 10 23 27
13 2 62 54 74 87 100 75 6 23 27 45 61 33
13 93 74 14 47 11 34 60 62 76 70 73 80 67
13 80 80 7 57 57 76 25 66 30 85 7 37 16
0
