13 90 95 35 55 72 78 81 54 14 74 97 33 30
13 25 22 91 52 87 82 20 71 86 2 31 16 45
13 85 2 23 18 73 35 66 89 14 9 17 51 68
13 92 47 24 9 90 46 85 74 36 82 41 82 61
13 17 23 45 18 24 13 86 84 98 61 65 39 42
13 61 80 79 6 88 72 33 90 88 65 71 8 59
13 11 81 2 44 68 97 23 74 75 34 79 31 23
13 61 41 51 76 89 7 31 99 62 21 86 93 37
13 75 96 19 50 77 98 9 41 37 14 80 67 83
13 32 75 35 54 1 14 66 84 80 78 13 4 67
13 29 80 20 5 33 7 93 82 20 53 27 7 24
13 50 82 28 38 51 27 12 13 68 37 69 79 6
13 63 41 91 26 90 89 11 95 25 84 34 80 97
13 75 31 98 40 89 48 33 58 62 90 50 82 62
13 30 77 63 81 92 53 42 65 56 5 9 8 33
13 78 82 51 23 3 30 51 67 12 90 68 50 65
13 72 32 55 54 19 63 16 88 96 70 67 23 81
13 77 44 82 76 54 3 33 65 82 37 86 93 3
13 51 56 15 1 13 40 1 10 70 29 64 63 57
13 39 53 72 89 80 52 20 91 4 59 21 80 44
13 68 94 51 54 97 13 44 76 25 3 78 38 52
13 60 79 82 55 96 33 75 30 15 10 5 63 38
13 34 72 63 66 78 56 9 23 21 14 15 49 42
13 50 10 63 19 73 14 98 85 17 22 32 2 71
13 22 27 78 12 90 88 63 78 32 17 75 47 39
13 88 63 8 38 25 88 24 80 40 86 55 14 15
13 46 66 80 35 18 88 1 35 61 79 85 57 81
13 25 29 30 35 27 70 77 17 17 7 4 8 92
13 37 18 23 56 5 73 64 29 37 60 64 74 33
13 33 38 57 76 54 61 22 15 73 96 27 1 67
13 56 21 46 57 60 53 47 30 100 38 42 66 84
13 98 92 91 81 44 51 64 30 14 19 54 89 21
13 81 38 20 7 2 85 91 99 58 34 65 27 8
13 12 35 67 26 20 94 90 31 21 4 3 69 99
13 5 50 59 41 88 49 28 45 1 23 8 31 99
13 44 91 89 34 47 83 82 11 11 49 25 13 8
13 61 41 53 55 55 27 22 42 86 72 18 99 27
13 14 92 51 27 46 62 51 46 4 89 91 92 58
13 48 19 74 26 47 24 98 52 76 87 45 33 7
13 60 89 51 39 75 91 85 48 68 99 17 42 93
13 15 13 88 17 94 44 59 75 77 67 26 82 98
13 21 86 72 97 79 46 78 80 36 16 32 7 57
13 60 40 8 93 87 94 25 65 20 19 43 3 23
13 87 48 96 11 22 81 16 70 10 22 46 80 39
13 88 85 100 11 16 71 87 85 66 89 35 61 28
13 88 29 99 98 3 28 54 20 1 29 72 3 86
13 32 4 30 70 69 67 91 62 16 55 41 64 14
13 66 1 1 12 16 86 54 83 44 67 57 43 21
13 11 70 34 21 20 6 56 47 53 67 36 46 26
13 98 98 90 47 62 53 67 85 50 13 8 24 35
13 53 75 82 8 51 48 41 59 92 95 60 85 7
13 42 88 45 54 85 6 93 100 66 22 2 35 24
13 50 40 34 56 28 43 12 22 35 44 68 34 93
13 35 36 88 67 82 4 31 22 63 47 90 37 8
13 9 83 84 92 30 50 40 53 28 6 98 61 96
13 87 30 34 74 48 24 88 10 15 17 85 19 40
13 76 3 47 51 1 90 66 70 44 96 64 35 75
13 7 26 71 89 15 53 4 79 50 70 5 65 64
13 21 32 54 47 61 17 14 80 46 63 16 64 2
13 91 52 2 18 53 83 90 20 42 98 75 79 31
13 58 22 50 66 13 69 83 56 46 31 89 19 95
13 61 27 13 20 29 21 14 81 30 24 63 76 57
13 67 24 85 55 61 95 19 53 13 27 63 37 70
13 57 21 70 39 10 76 87 80 64 95 37 15 98
13 34 64 29 89 46 76 57 97 68 45 60 9 74
13 88 24 28 88 77 3 21 100 91 3 30 60 87
13 79 85 99 25 17 60 75 67 23 47 10 60 96
13 96 26 38 76 95 87 93 13 96 56 77 21 94
13 77 78 66 10 55 99 80 9 39 68 21 83 70
13 85 28 29 14 8 56 78 13 82 24 34 86 27
13 39 76 38 89 54 82 53 84 75 71 59 92 9
13 53 10 54 18 80 52 68 48 56 59 93 79 43
13 77 93 98 79 87 79 86 83 22 33 44 40 48
13 56 2 64 9 42 8 28 78 68 33 91 79 1
13 89 31 61 38 79 58 67 75 68 17 82 96 63
13 38 49 57 76 13 27 63 8 35 36 41 46 82
13 62 50 24 72 75 85 86 53 89 95 20 76 51
13 20 35 68 88 35 41 37 7 88 98 63 4 8
13 15 45 45 40 87 99 29 7 94 82 76 18 82
13 88 1 89 84 49 100 48 83 40 67 43 60 52
13 11 36 46 12 60 59 34 53 23 13 95 55 25
13 55 51 65 88 9 50 7 95 23 53 4 38 30
13 55 41 56 72 4 50 21 79 19 6 40 41 74
13 69 63 31 73 18 21 78 56 71 54 22 94 23
13 5 17 50 6 46 20 93 72 12 15 46 59 74
13 51 58 3 6 90 53 6 16 41 38 9 5 89
13 32 66 56 41 81 42 76 24 47 79 80 40 59
13 15 21 27 25 17 70 22 63 26 28 56 98 99
13 76 100 66 14 25 20 91 51 42 37 36 18 21
13 52 45 22 39 44 6 16 24 73 85 18 40 33
13 82 47 80 33 5 97 11 49 29 39 37 74 69
13 97 9 8 92 77 11 28 11 72 76 30 1 94
13 50 100 39 39 29 8 66 79 72 89 14 96 14
13 38 55 87 1 51 59 61 64 36 54 85 57 20
13 37 72 70 83 18 49 69 56 14 51 88 19 73
13 4 83 7 22 47 65 64 75 14 37 75 20 3
13 76 11 85 41 9 40 15 40 70 15 51 69 19
13 62 46 3 98 2 13 16 32 87 52 36 35 51
13 54 9 17 11 80 30 61 99 44 14 97 21 74
13 74 35 26 53 51 14 33 75 95 38 65 50 26
0
