13 65 66 29 88 52 27 92 58 77 15 20 19 62
13 74 86 98 59 59 85 74 46 80 32 45 16 74
13 90 10 5 20 62 6 5 31 63 90 93 72 17
13 75 65 90 30 30 28 6 44 71 46 81 80 1
13 82 45 28 5 23 48 58 25 58 54 83 92 83
13 63 76 72 6 34 64 30 57 24 81 14 82 4
13 38 75 57 95 44 47 36 33 96 14 53 76 67
13 32 78 45 11 8 29 24 87 78 34 80 63 29
13 53 22 90 76 16 76 83 76 66 46 59 80 80
13 27 77 16 25 77 54 70 45 11 48 22 46 69
13 53 50 50 20 32 95 1 79 11 68 24 22 93
13 73 28 61 80 79 89 1 59 59 22 19 33 8
13 78 30 74 11 38 48 60 58 77 8 96 5 49
13 99 19 73 43 26 90 74 11 4 12 73 35 13
13 90 75 94 62 79 78 9 20 83 50 76 1 15
13 10 60 70 74 73 13 95 74 96 16 51 95 20
13 23 20 65 69 95 60 33 97 96 80 89 83 99
13 98 85 35 78 72 43 8 90 96 20 9 94 94
13 24 85 68 47 15 81 20 72 66 96 93 51 62
13 11 80 50 57 88 92 8 69 54 47 26 49 26
13 72 35 16 31 90 25 34 55 54 64 100 47 82
13 93 91 78 44 24 47 63 5 82 2 80 23 62
13 3 51 3 87 62 96 1 83 83 45 22 47 11
13 99 28 24 16 88 92 22 16 87 72 12 52 84
13 65 83 60 81 8 52 75 46 66 17 93 64 70
13 72 88 14 3 77 48 88 98 1 68 18 40 91
13 74 94 71 31 3 82 15 26 19 64 89 46 68
13 96 68 39 7 35 43 70 57 78 3 54 27 32
13 29 100 56 28 5 9 36 35 42 17 14 93 31
13 26 64 28 95 32 44 43 33 70 75 12 18 21
13 60 50 39 42 74 8 80 50 20 47 24 96 11
13 76 84 5 11 62 29 76 82 31 85 41 13 25
13 33 80 1 25 42 45 70 72 88 86 84 59 76
13 61 19 9 99 66 93 43 94 81 80 11 81 27
13 73 62 88 3 71 73 52 41 89 71 73 77 79
13 74 16 41 98 59 65 74 54 84 79 9 52 5
13 39 36 33 6 79 27 90 1 83 48 24 55 38
13 95 24 86 87 75 3 83 13 11 91 1 82 77
13 25 50 32 5 71 13 76 9 56 62 27 17 96
13 95 27 93 22 72 12 93 36 97 46 53 21 43
13 77 21 67 41 31 73 76 5 90 65 47 60 40
13 5 43 79 25 24 99 85 59 99 82 86 44 16
13 52 73 47 96 94 74 38 75 30 78 58 68 22
13 48 93 93 75 86 96 69 91 85 97 8 96 30
13 73 88 76 67 71 98 61 9 32 53 58 40 47
13 75 85 85 76 45 85 51 93 58 31 74 43 35
13 84 93 3 82 13 55 53 37 52 13 65 15 13
13 35 1 38 65 30 15 52 79 69 15 63 31 79
13 23 15 27 65 39 16 2 81 95 54 88 44 84
13 94 73 90 26 18 59 80 5 32 35 18 52 71
13 24 51 55 59 37 62 57 21 40 99 76 96 60
13 87 5 98 9 81 13 7 41 89 47 59 47 59
13 1 39 59 2 53 2 60 95 27 98 6 38 52
13 47 41 19 35 83 3 54 82 73 74 17 5 23
13 30 7 6 82 9 58 12 35 62 73 41 45 96
13 84 60 98 56 50 77 33 46 82 76 33 75 54
13 8 40 97 24 36 12 17 54 21 25 34 42 67
13 35 76 99 14 94 35 43 97 88 13 38 58 20
13 43 40 58 33 12 83 60 93 57 12 25 61 65
13 80 22 81 45 70 53 81 61 12 91 99 89 36
13 47 8 66 18 85 27 73 60 69 97 42 45 62
13 32 27 3 73 29 96 63 50 72 35 24 67 16
13 40 44 52 48 79 35 6 18 3 94 68 34 27
13 59 15 28 12 84 75 99 94 58 79 82 40 81
13 86 29 54 89 52 31 38 8 97 72 12 51 76
13 14 27 47 60 62 13 9 1 41 39 5 13 73
13 70 12 7 38 38 5 24 37 44 24 1 32 23
13 3 85 16 48 80 100 72 24 15 38 47 96 33
13 65 1 71 23 82 47 51 62 38 46 5 47 86
13 35 41 55 98 41 59 92 2 66 55 96 76 47
13 100 48 24 64 83 56 83 29 64 70 12 91 89
13 60 32 66 43 52 58 83 3 11 2 67 70 65
13 51 61 90 5 12 5 24 65 44 97 42 46 2
13 55 89 78 24 37 29 21 100 82 26 42 34 34
13 88 59 97 62 91 74 16 46 16 36 49 28 99
13 66 21 18 89 66 87 8 52 15 51 96 74 18
13 7 86 83 51 37 16 75 52 32 34 51 93 17
13 67 17 88 79 58 75 63 78 41 21 61 77 56
13 83 41 67 4 33 55 80 70 90 50 6 83 48
13 94 51 63 46 19 70 76 30 94 65 25 42 61
13 25 43 29 18 41 99 46 33 6 45 64 23 100
13 46 83 39 23 10 84 60 81 65 72 29 3 32
13 62 14 31 90 13 94 9 30 37 46 15 57 15
13 18 55 16 73 43 87 85 61 62 27 70 38 75
13 71 8 60 38 8 51 17 83 43 61 16 88 69
13 49 30 25 77 81 68 16 1 37 56 15 24 33
13 5 79 25 49 78 23 24 79 40 18 70 1 15
13 90 94 78 30 10 11 85 19 3 66 69 7 75
13 18 91 75 34 39 68 75 90 71 90 40 47 28
13 4 66 97 19 72 93 7 14 49 53 100 70 85
13 12 83 12 59 85 35 25 42 64 5 9 76 75
13 40 96 78 25 24 37 9 2 95 12 1 50 65
13 99 62 83 78 2 97 61 70 39 61 25 84 57
13 71 42 60 69 91 5 88 84 16 88 90 4 52
13 74 24 93 34 98 9 36 73 89 8 19 86 63
13 59 20 85 22 14 60 65 53 38 9 50 32 53
13 55 69 58 96 52 35 44 29 74 86 97 70 50
13 81 78 63 89 71 29 27 39 100 95 2 29 4
13 42 64 66 41 33 30 13 8 81 55 58 23 42
13 45 48 30 20 2 29 92 92 53 91 85 75 74
0
