13 83 38 97 91 36 65 68 94 2 36 24 24 30
13 41 47 15 29 32 94 35 73 93 94 79 23 48
13 93 80 35 59 30 16 65 79 44 65 96 60 43
13 95 89 79 97 60 34 65 91 83 11 82 72 17
13 46 23 100 89 55 55 2 99 72 81 92 64 44
13 79 7 100 27 43 36 64 66 10 99 11 41 15
13 70 80 36 89 94 95 84 77 28 5 7 91 39
13 18 34 20 84 27 72 86 88 12 44 72 86 8
13 54 40 31 47 23 96 74 78 25 81 10 39 97
13 67 40 67 91 29 44 21 21 84 27 36 31 48
13 49 10 87 71 29 85 8 23 13 62 28 51 13
13 28 62 82 37 87 35 79 3 91 64 69 4 21
13 46 87 35 44 2 1 19 4 8 35 37 36 13
13 14 41 7 4 4 31 39 66 75 11 65 56 4
13 22 32 38 79 36 20 83 8 74 3 84 48 18
13 44 67 64 95 40 16 20 51 70 55 68 50 54
13 9 54 16 47 74 91 80 39 12 87 92 72 45
13 100 31 4 22 91 49 13 56 27 29 63 14 70
13 22 40 93 38 96 19 24 29 63 32 43 62 49
13 47 46 85 72 56 84 89 7 16 3 72 10 87
13 71 43 86 66 14 45 51 35 2 75 40 84 79
13 26 77 12 41 96 53 70 53 32 51 56 88 90
13 16 67 17 84 75 18 4 17 3 21 13 23 2
13 65 78 86 35 81 81 55 38 99 22 78 37 25
13 73 38 67 16 53 48 21 28 8 100 41 70 7
13 68 70 75 34 25 67 92 70 7 67 67 98 1
13 90 2 100 19 60 75 81 66 22 24 88 46 42
13 100 13 94 3 28 60 76 14 88 98 31 37 90
13 76 63 46 70 60 4 33 55 98 76 78 74 74
13 83 53 85 55 93 44 47 47 11 31 67 64 78
13 35 46 97 65 5 50 21 25 64 98 24 44 94
13 100 91 24 3 3 83 82 99 73 95 28 74 76
13 99 59 87 46 73 57 50 15 90 14 35 77 46
13 38 39 58 29 25 94 80 13 51 12 5 25 43
13 2 82 33 3 16 24 45 53 92 51 36 6 18
13 68 17 96 63 41 69 89 37 59 100 15 77 7
13 43 54 68 49 71 27 4 39 59 39 78 31 64
13 95 26 65 53 24 19 44 31 62 21 72 71 23
13 65 36 60 29 83 77 69 80 55 3 58 84 10
13 60 62 99 21 32 80 32 88 57 81 91 89 96
13 48 3 44 40 5 22 3 74 79 73 99 39 86
13 2 70 43 69 83 20 2 79 36 20 80 99 15
13 28 65 34 64 37 4 59 4 33 55 1 93 8
13 77 21 73 38 11 56 87 64 4 49 19 73 71
13 76 65 88 31 10 46 52 23 61 14 62 88 17
13 38 68 84 93 65 95 92 59 35 8 7 6 11
13 61 74 6 14 43 1 83 14 7 64 59 51 37
13 26 83 90 84 71 33 95 21 47 99 49 100 64
13 56 57 1 62 48 15 21 43 27 91 8 74 86
13 36 95 24 22 59 18 25 82 95 96 21 47 76
13 72 73 85 14 72 89 29 52 73 56 78 42 33
13 17 36 25 37 68 71 94 15 83 42 2 9 47
13 80 73 29 24 17 21 12 84 57 6 90 27 90
13 68 3 45 52 81 32 64 34 2 13 46 89 41
13 60 36 32 17 12 41 59 41 23 62 13 18 26
13 58 41 48 54 93 38 97 80 49 82 39 14 14
13 57 24 62 21 59 88 12 60 27 30 28 96 57
13 78 10 27 43 91 34 42 32 85 20 39 5 63
13 28 81 76 16 40 37 20 80 94 7 11 75 5
13 58 16 77 13 65 72 21 91 53 92 48 23 63
13 9 100 49 63 52 18 51 87 30 65 49 81 95
13 19 58 10 44 99 59 68 71 24 10 54 42 13
13 21 30 19 92 3 88 26 26 84 27 7 42 20
13 93 64 42 37 40 67 31 62 48 33 67 76 47
13 30 62 61 89 21 2 64 6 89 25 72 66 26
13 42 17 32 5 91 44 34 42 1 48 20 12 93
13 93 47 72 28 58 50 72 42 72 25 35 49 81
13 11 57 89 79 38 5 52 24 53 75 92 12 10
13 36 88 15 1 13 65 81 90 24 65 88 91 15
13 14 52 50 47 85 79 75 24 66 100 25 78 49
13 30 7 84 3 13 85 59 55 17 93 59 34 76
13 77 89 82 22 31 51 84 29 17 28 83 42 2
13 14 54 82 26 43 12 58 94 13 98 14 80 85
13 45 42 66 61 42 43 41 79 88 57 37 37 22
13 70 32 12 18 74 58 66 6 79 96 71 1 48
13 97 49 86 85 33 87 38 22 12 60 88 22 24
13 81 18 56 67 89 54 88 73 42 91 76 8 92
13 50 57 90 18 69 61 97 65 3 28 2 57 15
13 2 5 59 71 40 16 73 85 39 30 90 49 99
13 43 50 61 31 59 5 62 56 85 64 72 8 89
13 100 73 28 18 92 91 93 42 35 53 46 95 42
13 28 51 17 21 27 63 78 84 68 71 9 61 82
13 22 62 49 60 9 87 95 52 96 57 22 18 28
13 2 92 20 8 31 48 16 23 66 85 32 88 34
13 67 21 68 7 67 18 50 78 17 8 28 93 14
13 100 23 47 8 93 17 11 65 13 62 47 39 43
13 31 82 6 20 49 15 57 91 35 61 72 53 19
13 31 40 21 42 39 80 21 88 28 19 40 26 98
13 94 48 36 44 67 28 39 8 30 95 83 53 73
13 46 59 98 47 53 50 31 50 89 74 39 93 35
13 88 85 17 61 58 91 40 10 33 20 64 52 32
13 45 98 88 6 1 39 3 60 55 61 97 23 13
13 7 16 28 78 62 81 43 52 60 2 94 53 10
13 88 74 69 31 10 45 17 17 65 26 50 99 81
13 7 35 5 16 97 29 15 40 29 7 75 73 41
13 51 82 31 41 29 42 97 7 73 74 39 26 87
13 44 28 11 60 73 97 19 60 44 95 74 80 98
13 36 4 60 15 17 65 5 97 83 47 6 29 56
13 72 54 18 9 51 32 2 59 96 95 57 38 32
13 91 29 26 64 36 37 5 89 6 98 71 44 74
0
