13 87 34 76 1 77 37 45 95 55 63 13 100 21
13 40 74 87 15 13 91 99 85 50 56 11 42 1
13 64 1 73 57 46 35 54 73 29 14 78 7 65
13 8 69 94 23 82 25 80 97 4 92 77 14 38
13 4 61 41 31 94 92 14 60 4 76 35 18 69
13 3 37 85 79 88 17 22 5 77 78 27 59 7
13 5 99 98 2 31 21 69 76 13 46 93 97 74
13 36 26 68 86 81 19 9 64 97 73 66 29 11
13 57 49 44 51 78 25 21 94 98 1 26 71 36
13 90 6 47 96 24 92 16 68 37 5 14 14 30
13 58 71 19 15 21 61 6 37 59 57 63 34 58
13 19 64 9 33 1 94 81 49 63 53 34 37 69
13 65 59 94 19 93 62 76 94 94 17 96 15 29
13 73 38 46 30 10 56 29 8 15 82 19 71 44
13 38 72 41 98 64 67 18 2 98 63 23 30 65
13 59 25 5 51 93 40 82 74 82 6 57 27 12
13 51 2 20 77 30 50 8 96 93 68 81 66 6
13 97 28 10 66 97 37 30 5 51 42 71 24 87
13 57 48 24 54 83 96 87 90 52 42 27 69 1
13 57 63 21 68 33 2 10 18 89 29 40 77 10
13 77 59 29 65 42 85 18 69 71 47 59 34 89
13 28 25 42 23 51 23 1 5 92 2 17 70 52
13 66 74 40 34 96 52 62 33 67 20 80 11 78
13 61 91 70 92 85 90 99 43 63 34 58 35 7
13 21 94 86 45 32 62 53 63 91 55 98 8 55
13 29 14 18 28 49 14 47 21 53 78 40 20 72
13 54 47 31 80 1 51 41 66 24 10 67 21 91
13 7 22 72 3 26 57 30 8 85 76 48 11 72
13 13 30 77 77 76 62 18 3 63 46 20 6 55
13 65 13 8 21 33 60 90 29 48 40 85 40 26
13 50 12 30 79 36 100 78 26 72 67 27 89 16
13 18 5 96 93 54 37 93 19 26 54 47 19 32
13 36 92 28 33 35 95 99 35 65 91 86 86 53
13 85 60 63 55 50 75 77 62 18 92 77 18 97
13 80 21 51 77 53 5 55 83 95 60 2 95 45
13 70 52 15 36 75 53 87 97 23 62 84 32 84
13 1 60 29 50 45 22 88 77 8 36 6 46 78
13 53 38 8 34 20 10 9 89 71 22 62 7 52
13 67 48 70 8 33 98 35 65 28 40 4 39 45
13 1 44 59 78 81 29 55 88 41 31 47 59 81
13 79 68 80 5 99 84 82 75 61 25 100 68 91
13 19 44 90 62 5 57 70 40 84 72 44 56 60
13 5 97 20 56 28 5 41 45 90 69 8 55 29
13 43 62 80 81 66 90 25 87 49 42 70 48 36
13 91 30 65 2 51 85 65 38 34 47 49 69 97
13 31 65 45 78 72 57 24 100 35 94 95 40 34
13 35 58 94 13 96 42 50 76 13 31 30 97 61
13 28 96 28 17 17 2 73 68 95 38 37 22 58
13 33 65 37 84 44 15 68 70 17 55 19 25 64
13 96 28 47 13 85 72 89 3 83 29 25 92 95
13 32 64 83 100 96 25 72 43 25 53 42 37 76
13 32 19 27 68 85 26 36 54 87 61 55 22 51
13 70 84 85 13 83 22 63 31 74 34 58 54 40
13 59 34 21 99 50 37 91 28 50 11 13 59 5
13 54 93 56 26 75 98 30 26 97 45 38 29 39
13 10 35 20 54 28 79 5 89 29 79 27 88 73
13 4 75 37 46 8 52 49 95 35 3 68 11 82
13 43 12 98 27 25 52 6 73 4 98 66 84 40
13 49 64 69 40 49 82 30 82 41 12 80 3 15
13 60 90 73 60 38 55 65 11 39 17 77 20 70
13 17 51 39 70 35 56 46 96 85 69 40 16 16
13 48 43 2 72 99 40 28 42 45 96 35 4 53
13 95 52 88 54 77 44 34 33 52 31 16 38 57
13 99 89 86 4 69 85 100 79 97 19 36 84 3
13 41 33 26 61 54 12 53 41 44 2 70 17 1
13 54 35 50 23 33 37 65 70 98 34 31 61 19
13 74 69 18 93 42 9 61 44 28 69 41 84 92
13 26 49 64 63 24 57 29 86 85 7 81 42 35
13 50 67 94 84 9 12 83 65 13 36 27 31 88
13 71 5 31 60 42 22 52 99 65 29 98 74 24
13 38 94 74 39 100 9 9 95 84 95 3 27 30
13 94 27 40 83 24 75 77 30 50 91 94 57 13
13 27 32 83 15 42 14 39 67 91 63 76 59 6
13 40 28 56 56 5 56 92 88 100 93 59 83 23
13 50 99 83 80 23 71 35 6 1 98 67 46 4
13 98 66 92 97 36 2 28 81 71 40 17 8 62
13 17 54 51 94 34 76 5 5 44 48 48 9 72
13 73 96 60 21 85 46 94 48 46 55 49 69 64
13 64 33 95 28 98 25 46 44 79 20 14 32 59
13 69 97 21 90 55 82 72 58 5 13 52 65 79
13 15 13 66 33 82 93 85 5 97 57 98 44 42
13 43 66 82 30 52 81 99 63 77 39 57 41 16
13 58 77 18 85 5 34 16 54 43 37 29 29 8
13 46 59 72 53 76 42 63 44 86 5 7 42 7
13 37 86 92 31 30 96 81 51 61 61 50 29 35
13 1 25 17 39 25 32 34 35 6 90 85 13 96
13 100 26 97 66 74 76 36 2 61 46 27 93 12
13 31 21 40 51 2 12 16 48 61 7 36 15 20
13 58 78 29 67 88 10 52 49 1 15 81 6 67
13 19 38 88 9 90 40 51 95 58 74 56 31 54
13 85 60 22 76 91 9 52 41 51 81 66 49 78
13 70 60 81 64 63 2 74 22 67 53 75 33 9
13 63 47 5 23 68 20 91 43 80 24 8 55 98
13 6 66 56 56 29 59 19 84 26 10 97 99 67
13 6 6 45 45 21 69 32 54 36 3 72 52 42
13 5 32 55 40 75 30 66 93 87 69 94 70 40
13 56 58 27 93 32 78 38 45 22 99 2 4 67
13 97 73 96 73 33 86 11 98 11 69 50 10 100
13 81 19 6 55 81 95 4 21 8 74 81 55 74
13 17 73 58 11 34 11 55 86 67 52 20 64 73
0
