13 40 10 57 19 56 8 40 72 6 10 62 78 12
13 24 32 85 67 94 74 12 100 85 4 27 44 35
13 24 22 30 32 55 74 7 98 78 78 6 38 73
13 38 22 29 6 15 99 15 99 30 49 87 69 72
13 5 52 62 78 68 22 43 95 53 78 99 55 9
13 5 76 23 90 92 16 44 69 69 37 48 35 1
13 49 92 24 22 96 71 38 20 100 16 32 53 15
13 5 75 1 81 100 82 40 17 31 86 79 29 58
13 4 23 90 16 63 50 19 64 32 46 83 23 73
13 36 58 29 54 86 39 20 14 74 48 84 97 35
13 91 44 28 81 81 90 63 77 3 59 75 95 76
13 54 16 77 50 95 13 65 40 16 62 22 37 52
13 64 39 36 68 19 70 3 8 6 81 7 62 85
13 72 94 58 87 23 96 90 84 25 84 64 29 82
13 39 18 80 85 59 98 31 71 37 12 95 65 89
13 37 71 60 4 27 63 100 60 35 27 6 72 23
13 81 31 66 56 91 55 54 67 54 75 66 4 21
13 23 68 27 98 95 5 93 14 29 30 36 48 29
13 40 100 99 25 95 17 67 99 12 28 10 25 49
13 10 59 80 65 52 4 45 28 2 100 74 86 56
13 25 5 15 10 4 46 60 7 80 39 97 38 81
13 42 78 65 41 35 1 60 85 51 38 49 34 45
13 57 69 52 49 45 28 3 67 74 33 12 81 50
13 62 40 33 6 27 48 82 80 74 2 14 40 76
13 24 42 11 39 45 54 56 87 90 75 30 10 4
13 47 12 56 68 56 27 24 92 82 87 27 47 11
13 13 11 24 93 81 99 41 59 73 30 91 4 72
13 69 99 61 13 95 7 58 96 60 87 13 11 70
13 64 22 31 96 19 15 66 92 91 84 89 45 12
13 84 87 78 19 4 61 31 62 28 61 86 90 59
13 26 85 42 10 14 6 4 50 14 63 55 89 7
13 81 23 52 54 30 20 43 79 96 49 69 91 24
13 96 82 24 30 40 50 6 10 72 5 79 38 56
13 86 48 84 60 65 12 67 7 32 79 13 81 65
13 11 78 16 51 71 5 41 80 96 81 17 4 64
13 16 22 48 35 32 61 40 74 30 1 62 40 29
13 61 93 36 79 56 22 96 26 34 39 56 22 36
13 34 10 79 65 93 1 83 88 24 90 94 45 74
13 11 82 83 26 37 22 84 10 89 15 37 62 2
13 55 18 88 34 90 38 64 53 98 8 36 1 78
13 8 97 100 83 77 96 84 56 53 79 77 12 72
13 68 35 58 43 85 21 53 60 31 57 6 30 50
13 59 24 2 41 30 34 9 95 80 43 98 93 43
13 79 84 38 96 34 41 82 53 8 79 43 44 24
13 100 15 86 69 29 11 70 47 79 28 78 94 37
13 17 32 83 90 81 46 60 96 23 68 93 67 44
13 76 28 44 48 84 65 78 21 8 69 30 61 79
13 29 31 94 96 80 8 69 18 1 15 57 12 42
13 44 38 96 27 14 91 74 63 27 4 29 90 18
13 12 19 8 98 18 2 29 54 3 44 54 35 14
13 55 75 67 32 14 11 52 47 23 46 94 98 13
13 29 79 78 51 53 24 4 4 98 88 56 62 83
13 16 70 91 60 74 63 2 96 88 19 55 44 13
13 22 54 100 60 41 8 34 21 76 5 33 40 30
13 54 12 85 93 61 59 45 27 67 19 92 42 9
13 100 12 48 31 44 23 79 80 35 34 85 72 65
13 60 80 69 42 14 65 85 30 52 90 69 78 90
13 26 27 31 21 13 22 75 81 98 70 25 45 90
13 91 90 17 41 4 14 9 95 89 48 50 42 50
13 96 54 39 43 15 41 24 96 44 79 1 98 33
13 1 75 73 92 63 34 61 49 77 54 52 11 15
13 34 94 60 44 51 59 81 46 29 23 65 47 57
13 48 45 43 26 73 26 10 87 19 100 43 29 87
13 33 30 3 56 38 67 23 39 24 64 3 90 62
13 21 81 40 42 64 44 10 87 47 73 34 83 79
13 14 68 83 50 93 13 100 97 89 77 75 41 67
13 10 42 18 80 39 30 99 18 19 69 65 85 90
13 61 95 19 3 19 91 53 44 38 27 83 79 4
13 40 19 78 12 76 38 45 5 6 22 24 86 91
13 27 44 31 32 41 92 53 38 23 70 74 4 76
13 8 96 51 88 28 80 48 53 31 31 44 63 85
13 33 77 33 99 66 89 64 95 14 10 87 5 72
13 9 44 44 92 13 13 99 47 49 14 85 52 82
13 84 80 80 54 92 30 86 97 14 83 37 62 60
13 80 43 36 75 16 93 35 30 100 5 26 35 89
13 84 46 6 82 40 24 63 34 53 34 60 71 48
13 91 37 25 44 14 77 62 11 32 62 58 66 17
13 44 84 17 38 71 87 30 41 40 7 100 48 43
13 60 100 63 26 2 59 100 85 32 67 88 37 42
13 13 32 75 33 20 51 56 78 53 55 35 8 2
13 76 56 64 81 72 95 2 69 29 80 21 24 30
13 34 12 70 97 69 96 17 10 75 67 42 40 68
13 27 27 64 67 60 92 7 73 52 29 10 43 9
13 65 22 96 89 82 98 4 17 72 8 94 96 47
13 48 45 40 21 20 2 51 69 65 33 71 3 99
13 85 40 86 28 84 96 32 75 7 21 93 65 40
13 71 69 25 38 53 36 8 14 34 97 24 88 89
13 90 50 24 46 72 40 87 68 43 64 9 35 14
13 79 9 27 93 57 78 99 55 42 22 41 6 44
13 65 39 61 99 99 35 54 87 77 68 95 5 82
13 60 52 56 23 6 86 83 95 89 50 68 85 12
13 52 56 18 34 15 2 90 54 3 67 91 83 62
13 96 42 69 79 34 31 99 13 74 13 30 73 50
13 35 48 8 72 85 75 4 78 58 37 77 40 70
13 87 72 37 40 82 24 37 15 54 13 100 67 50
13 46 13 15 34 67 65 53 68 20 99 99 82 13
13 14 1 17 58 61 36 71 91 23 82 39 46 2
13 67 42 45 91 12 29 92 88 74 26 47 71 67
13 5 69 71 82 23 41 4 77 40 30 16 24 73
13 10 49 4 88 11 91 14 1 50 46 7 92 54
0
