13 53 57 91 2 50 52 62 86 14 78 58 56 9
13 24 4 59 43 23 17 33 58 88 15 67 12 41
13 19 85 50 92 31 19 7 13 44 39 18 51 40
13 53 71 12 65 60 72 52 14 62 53 81 40 94
13 15 1 73 62 21 87 5 98 18 51 37 17 74
13 21 61 19 96 22 99 42 89 95 66 79 38 47
13 78 32 6 32 32 59 75 90 38 48 11 64 70
13 24 10 48 71 60 30 13 58 2 68 75 75 3
13 10 32 24 61 99 31 79 32 2 22 99 32 75
13 28 22 57 64 77 58 64 24 54 13 10 2 6
13 20 84 25 36 35 85 97 90 55 76 10 14 22
13 69 85 55 49 71 94 60 48 18 37 69 93 86
13 58 87 91 44 52 15 38 96 47 71 100 5 90
13 54 72 22 59 77 4 33 22 98 16 22 53 44
13 33 38 74 77 32 33 28 46 64 95 51 45 80
13 35 71 29 63 98 60 54 90 43 67 24 6 56
13 63 83 62 17 15 5 9 64 48 56 74 50 91
13 30 82 22 75 95 23 60 85 86 57 8 13 37
13 61 88 54 3 27 96 55 95 50 22 81 35 88
13 90 13 27 84 97 6 80 87 73 92 38 85 80
13 32 10 69 75 4 100 38 53 7 1 73 43 34
13 37 53 51 50 86 29 8 15 33 24 53 78 61
13 44 28 82 29 97 47 21 49 41 11 69 14 36
13 34 43 96 78 39 40 94 77 8 95 74 78 64
13 40 58 100 11 86 19 32 75 33 28 68 28 43
13 63 23 13 28 16 47 90 57 47 4 86 1 73
13 88 18 80 86 93 83 21 83 55 74 71 79 41
13 18 29 52 40 68 27 27 57 11 41 52 99 14
13 74 33 20 47 78 70 42 29 84 72 95 74 59
13 27 86 39 29 69 33 74 62 4 80 51 56 15
13 71 75 88 65 61 49 29 88 37 54 53 98 5
13 89 59 58 11 96 68 86 8 74 19 25 73 54
13 89 4 16 5 55 65 55 80 5 52 100 65 47
13 22 44 51 55 20 55 49 10 94 83 33 50 69
13 89 35 54 34 17 66 56 69 72 25 35 35 35
13 50 92 8 68 95 71 96 98 39 96 97 99 30
13 41 14 77 17 99 4 89 89 69 6 64 18 20
13 2 69 23 37 7 48 61 29 42 69 26 18 42
13 48 21 84 88 34 51 87 39 54 96 33 65 1
13 13 28 28 15 42 45 56 2 45 12 62 90 97
13 60 85 36 36 96 16 93 28 3 73 70 6 57
13 42 90 71 91 71 24 98 100 51 58 14 87 14
13 19 21 37 20 89 43 89 49 84 6 87 62 92
13 22 66 73 5 77 66 41 64 60 24 27 66 97
13 77 53 1 99 3 65 85 79 64 81 40 25 92
13 59 89 59 10 8 20 54 27 96 99 28 23 29
13 89 57 46 15 31 2 54 4 84 71 51 16 87
13 5 96 93 56 77 42 14 36 92 31 14 2 1
13 91 72 42 100 51 66 58 33 80 26 52 85 56
13 85 74 96 76 15 77 97 29 80 9 62 49 27
13 80 77 58 56 42 37 11 71 60 25 91 3 96
13 56 58 73 92 9 38 12 73 13 19 23 20 19
13 96 30 51 16 66 89 53 90 5 69 15 47 81
13 69 28 86 6 86 18 6 71 7 91 7 17 29
13 75 78 58 59 54 65 69 94 2 12 5 76 67
13 38 41 75 59 100 83 17 22 21 81 78 35 83
13 81 25 94 34 77 92 96 76 55 88 33 53 35
13 70 9 68 19 77 7 50 60 100 100 51 71 95
13 63 47 35 62 30 100 11 54 68 67 16 81 78
13 65 44 1 17 43 67 4 21 98 98 87 84 5
13 70 1 59 4 3 48 50 87 9 67 36 20 69
13 46 41 62 61 88 19 23 3 50 28 33 24 18
13 82 52 88 11 66 36 26 79 72 11 17 55 23
13 71 79 30 13 19 43 10 89 82 66 100 60 48
13 14 32 96 8 46 86 96 96 55 60 34 79 21
13 80 82 29 63 36 59 36 88 13 88 33 25 18
13 5 32 47 15 49 74 35 58 92 59 71 29 66
13 33 80 14 7 33 42 9 90 4 11 52 25 53
13 60 17 7 62 55 80 48 40 93 11 98 96 36
13 89 85 20 4 35 81 4 68 30 81 11 10 70
13 28 26 71 70 49 99 32 62 24 34 57 90 22
13 17 96 94 70 47 39 48 33 28 12 16 58 99
13 5 99 56 77 64 10 56 61 54 91 15 54 60
13 48 76 5 35 28 60 24 83 38 15 41 63 55
13 14 23 61 12 6 92 53 30 73 50 21 7 98
13 87 75 34 48 1 43 31 82 36 57 80 17 25
13 3 28 27 67 83 83 88 44 23 67 12 21 31
13 58 79 51 24 8 81 75 4 32 63 1 37 91
13 28 42 11 41 17 87 15 32 58 2 1 39 13
13 88 7 21 94 4 90 31 6 76 14 44 30 66
13 16 96 4 58 28 7 80 75 85 60 72 19 43
13 46 62 25 100 16 51 50 72 61 69 60 36 38
13 87 88 19 61 49 50 26 14 63 71 81 85 83
13 83 35 67 91 57 69 90 65 44 100 17 57 83
13 83 85 49 89 60 87 25 24 14 29 18 25 36
13 59 9 77 62 27 45 42 65 70 77 88 42 12
13 40 71 17 2 16 87 52 79 42 40 1 4 56
13 84 39 13 81 73 9 38 21 24 51 59 77 76
13 96 48 6 29 93 96 19 30 86 68 58 10 6
13 8 44 11 65 27 8 47 3 70 29 24 53 80
13 71 83 91 15 61 90 2 41 26 36 95 41 18
13 42 1 30 41 91 13 33 18 96 95 92 62 82
13 26 50 51 53 40 11 20 55 7 48 99 87 28
13 26 74 4 39 73 89 50 81 49 88 71 14 64
13 29 22 83 94 5 12 35 46 23 1 34 46 55
13 44 55 30 36 75 94 30 41 82 55 42 23 77
13 86 16 48 21 73 2 61 64 16 89 73 55 86
13 34 41 10 99 55 80 49 30 65 72 30 1 57
13 96 53 95 50 17 9 56 12 28 46 29 87 93
13 81 16 62 22 33 1 45 16 34 11 62 79 59
0
