13 72 81 58 100 35 20 85 31 24 7 59 81 35
13 4 76 86 71 51 51 46 66 20 53 74 17 17
13 73 79 62 31 5 14 14 6 16 33 50 99 18
13 26 53 78 68 22 23 40 92 44 14 41 61 64
13 22 87 13 47 16 97 28 91 68 99 93 77 39
13 4 92 82 100 20 30 38 35 11 10 6 28 93
13 97 50 95 19 8 88 76 4 35 64 54 20 41
13 45 61 70 12 17 24 2 98 93 39 42 2 100
13 18 82 55 23 78 2 34 33 69 36 68 13 40
13 67 25 25 70 28 52 25 33 71 88 5 93 90
13 24 8 9 54 81 8 1 99 72 39 78 59 51
13 84 77 75 52 18 90 2 49 85 61 15 24 63
13 72 70 59 75 61 86 37 14 28 14 15 54 92
13 6 65 92 50 5 48 81 18 57 78 1 34 52
13 58 65 71 86 90 96 50 48 52 89 81 43 16
13 47 2 29 60 89 72 2 33 17 15 3 34 40
13 37 39 56 94 24 66 21 76 2 65 82 10 100
13 48 95 75 36 74 58 95 1 8 21 46 17 69
13 45 98 81 30 60 7 17 19 46 71 8 86 52
13 83 85 16 44 87 84 58 9 14 90 45 26 63
13 75 94 29 88 74 94 18 80 44 53 55 40 47
13 50 78 14 74 99 77 6 74 51 55 90 27 75
13 17 98 69 13 26 25 50 44 100 16 32 12 65
13 81 49 61 89 4 27 72 3 25 23 42 60 89
13 5 98 33 3 21 26 91 3 58 70 4 3 81
13 45 86 50 22 44 57 15 6 33 100 58 60 9
13 96 46 93 90 11 99 83 85 72 6 39 96 84
13 4 87 80 93 64 99 73 56 34 37 15 36 29
13 12 29 75 51 38 25 98 36 73 88 64 77 8
13 56 96 68 95 56 15 38 24 26 25 52 34 49
13 57 43 96 39 56 91 40 94 71 94 46 91 53
13 67 87 39 70 46 59 94 39 95 47 78 64 32
13 49 6 88 55 53 76 69 25 76 61 75 93 20
13 91 67 69 76 77 100 55 92 47 70 7 4 25
13 95 37 81 39 67 39 52 67 53 82 88 79 81
13 6 28 61 73 63 46 57 19 90 95 98 28 61
13 6 65 43 16 65 75 13 69 74 82 65 7 60
13 8 94 31 83 29 76 4 29 46 64 77 28 83
13 55 13 44 21 22 7 58 88 57 4 67 77 93
13 31 71 8 9 15 71 83 69 28 70 62 14 24
13 99 38 86 92 8 13 3 8 26 95 3 75 65
13 69 72 100 28 56 19 23 71 12 7 77 77 30
13 62 4 72 35 91 13 21 12 96 35 80 20 60
13 97 9 89 2 80 57 63 84 64 56 70 71 21
13 57 83 92 6 63 90 87 27 83 35 48 40 55
13 3 82 82 26 51 61 36 15 97 54 58 24 58
13 70 27 22 8 100 14 71 16 78 85 9 95 70
13 89 70 15 28 85 82 73 40 81 52 47 35 6
13 73 92 42 73 76 71 77 34 79 98 91 77 83
13 35 31 60 86 69 77 54 13 26 31 55 78 60
13 97 52 80 31 37 39 86 22 95 86 67 90 6
13 97 78 95 96 85 19 25 31 31 22 84 9 35
13 56 56 78 11 42 74 75 15 9 87 55 55 68
13 87 65 79 35 21 55 87 80 49 86 36 98 17
13 100 16 86 56 97 46 3 30 24 69 66 13 40
13 63 26 28 17 37 11 59 3 18 58 6 42 69
13 45 67 43 61 67 7 24 73 42 5 56 53 23
13 36 9 68 8 58 81 11 25 77 75 74 16 89
13 87 58 62 65 91 39 80 8 5 33 84 4 31
13 39 41 58 85 15 90 60 37 53 1 69 45 26
13 85 87 98 81 70 47 79 63 61 17 96 68 69
13 14 61 66 28 56 23 65 72 49 49 36 9 96
13 85 76 23 90 37 58 10 53 85 88 98 15 44
13 77 50 46 11 25 49 75 7 78 31 37 70 84
13 98 32 84 80 52 12 56 72 42 96 86 31 19
13 91 97 8 28 7 41 96 8 65 55 6 79 100
13 26 31 81 45 35 76 8 33 33 12 23 87 22
13 42 45 37 6 83 6 42 36 32 91 73 84 29
13 41 1 89 18 52 82 48 23 45 100 22 56 45
13 18 34 74 71 73 71 70 9 36 45 39 42 45
13 76 94 75 54 23 2 96 62 67 46 96 43 91
13 85 13 57 76 57 6 84 57 80 42 15 36 39
13 69 88 85 60 51 85 21 3 49 26 83 93 33
13 81 63 22 18 56 8 14 52 36 76 98 22 39
13 95 97 1 80 12 30 14 91 48 89 25 13 1
13 26 77 61 40 73 80 45 20 61 95 16 30 52
13 50 62 82 45 6 51 88 45 49 68 40 82 16
13 99 23 62 80 98 82 4 74 59 50 66 20 39
13 7 48 98 53 27 24 71 98 58 36 70 68 55
13 36 20 88 6 25 22 69 14 19 72 31 31 37
13 37 84 8 25 91 38 67 78 76 2 85 3 67
13 61 57 31 28 70 41 26 75 87 92 24 48 30
13 69 44 73 72 64 9 29 24 67 12 80 63 76
13 57 8 95 25 40 42 38 6 68 63 97 18 8
13 3 10 41 2 91 44 15 89 11 62 42 55 75
13 3 83 17 67 25 78 99 14 23 31 79 48 57
13 49 64 73 100 78 21 6 12 30 21 27 84 73
13 71 46 8 44 95 22 16 76 10 44 92 42 48
13 16 76 66 68 90 31 35 6 82 73 57 48 58
13 62 50 26 23 17 3 25 90 38 58 55 59 77
13 62 93 35 93 35 77 60 28 4 27 14 3 27
13 32 40 6 94 31 93 31 49 37 3 1 93 23
13 96 89 69 85 97 12 92 33 100 35 77 74 66
13 80 43 45 57 50 33 39 28 61 15 73 29 71
13 91 17 28 15 38 29 90 53 91 86 65 54 91
13 86 19 74 12 59 47 84 88 40 71 63 33 87
13 56 36 46 11 92 99 53 42 6 82 12 47 81
13 4 95 85 50 8 19 21 45 95 5 19 82 12
13 14 58 60 59 12 31 64 88 75 59 100 54 14
13 22 40 68 97 41 57 8 54 3 29 12 96 20
0
