13 48 22 51 43 24 88 63 70 5 84 41 60 67
13 57 72 59 96 17 14 47 47 7 2 48 3 81
13 10 72 34 39 73 29 9 21 70 22 61 36 29
13 4 36 57 20 85 6 31 7 13 27 43 17 94
13 14 77 18 70 77 90 61 63 40 33 67 95 88
13 23 15 37 52 48 25 96 2 75 70 59 40 26
13 89 43 43 72 92 62 86 80 95 53 40 79 50
13 1 7 89 38 38 89 65 1 32 69 79 75 19
13 76 96 74 46 42 50 98 32 15 49 82 68 14
13 33 91 92 89 45 30 86 56 65 6 70 25 93
13 20 50 37 59 11 11 24 56 28 58 87 42 90
13 81 91 97 19 68 67 72 59 31 62 15 91 9
13 67 88 14 59 94 99 56 72 96 11 28 6 51
13 66 92 46 96 36 76 60 27 45 56 82 40 97
13 31 43 37 74 56 23 75 41 40 66 25 77 94
13 70 21 58 31 7 54 62 95 63 80 42 10 18
13 86 24 52 53 62 96 34 82 48 29 41 59 9
13 2 38 37 95 90 77 4 81 49 88 6 63 21
13 96 84 68 78 70 100 78 22 67 69 81 1 37
13 46 5 36 79 43 88 49 97 26 90 63 17 29
13 87 32 79 99 40 74 43 38 56 86 4 45 62
13 76 77 48 71 75 49 37 66 68 61 61 49 35
13 65 20 55 10 43 65 91 76 95 42 56 93 36
13 97 31 31 46 65 34 45 31 48 27 96 39 41
13 41 24 95 25 7 72 45 91 39 51 50 66 11
13 43 42 28 74 39 52 40 13 13 94 56 42 50
13 36 90 91 38 22 17 16 45 77 40 3 69 58
13 39 12 81 2 78 72 81 38 20 80 3 6 16
13 87 12 61 66 18 22 84 53 96 31 85 25 21
13 30 84 70 48 52 32 37 96 48 63 1 61 56
13 19 61 56 30 39 21 33 64 11 76 54 73 56
13 90 1 61 55 54 87 87 27 95 83 29 99 7
13 65 44 54 93 56 27 43 81 40 35 37 98 2
13 45 16 69 38 40 71 97 10 33 65 6 57 49
13 66 78 95 90 67 31 45 71 78 36 13 6 29
13 75 47 43 14 32 51 59 68 8 70 74 53 69
13 100 91 71 35 77 23 54 80 53 94 55 16 43
13 50 63 70 81 84 72 52 25 29 1 75 23 22
13 30 23 18 72 2 67 59 99 64 68 18 90 38
13 68 100 40 68 86 82 51 34 5 75 35 37 18
13 61 73 27 63 58 45 79 33 35 53 35 99 18
13 21 62 45 76 61 70 32 1 46 58 21 12 97
13 54 19 72 69 71 63 81 28 71 59 90 30 67
13 43 7 22 71 68 2 9 79 58 70 24 2 86
13 16 38 29 37 12 65 91 36 80 31 92 81 44
13 45 97 59 96 95 13 23 31 77 34 55 26 19
13 12 23 2 40 27 42 68 2 48 3 77 38 97
13 38 98 1 2 58 30 5 5 52 43 85 43 6
13 23 57 72 47 95 42 80 25 27 85 100 9 85
13 56 93 89 17 20 25 91 38 64 86 81 87 15
13 40 90 80 36 87 73 92 35 26 50 72 92 29
13 2 69 41 9 55 92 85 86 29 59 100 98 27
13 17 18 64 11 99 23 80 37 90 40 30 59 96
13 94 7 58 30 59 53 72 64 46 38 67 33 25
13 32 98 23 14 20 91 3 23 100 2 26 26 68
13 52 75 21 79 40 80 3 44 51 29 97 25 78
13 44 68 20 11 71 32 58 96 13 20 43 15 55
13 5 45 99 72 43 97 64 47 91 24 96 37 36
13 27 58 27 52 45 28 89 94 66 80 91 54 66
13 7 57 80 20 39 46 39 53 11 49 71 45 89
13 83 82 67 100 85 24 78 35 35 61 89 67 35
13 68 61 65 76 55 70 16 90 86 14 42 87 40
13 26 45 97 13 87 62 38 2 89 38 45 48 56
13 6 59 44 32 25 86 23 75 48 67 26 47 1
13 22 85 50 73 95 98 20 73 96 93 63 88 57
13 74 6 8 22 43 50 38 27 73 83 63 86 98
13 90 18 83 45 88 76 84 89 14 3 37 47 53
13 15 62 32 6 99 44 92 90 85 22 66 11 76
13 8 20 78 42 7 33 37 66 85 2 11 8 92
13 47 48 6 42 89 51 87 7 65 66 74 58 6
13 92 33 51 72 99 35 18 93 37 21 30 29 13
13 1 24 31 38 1 15 54 51 19 81 58 67 86
13 75 89 54 70 88 38 17 20 36 85 50 81 68
13 51 35 60 93 74 97 91 33 78 42 91 11 99
13 12 1 3 87 17 26 47 7 7 22 89 14 69
13 38 60 46 29 59 31 4 34 79 5 14 37 79
13 39 4 27 98 37 65 1 98 20 100 5 69 13
13 43 91 39 61 35 92 31 9 14 75 68 86 42
13 32 27 42 31 21 26 83 25 97 15 5 96 52
13 47 2 29 7 2 66 6 41 81 86 9 66 52
13 1 5 68 10 62 95 66 14 41 89 78 20 49
13 93 31 37 67 57 53 75 16 86 98 5 26 75
13 49 40 33 72 14 56 78 76 96 58 78 37 91
13 90 56 15 79 72 12 20 39 23 59 95 62 8
13 52 75 91 82 66 95 63 19 69 28 73 15 51
13 43 40 99 99 1 1 54 56 5 80 71 32 78
13 27 63 61 75 97 67 38 59 2 14 72 13 100
13 51 95 69 51 65 40 41 59 26 44 47 94 90
13 74 32 5 81 34 3 87 21 62 88 49 7 63
13 52 98 27 21 57 31 55 10 10 60 70 24 42
13 49 27 98 99 11 50 52 55 11 93 22 74 57
13 71 60 98 11 22 67 28 17 51 86 44 9 20
13 96 73 47 30 33 94 91 5 72 73 24 10 56
13 27 57 76 71 41 87 30 100 58 86 77 57 1
13 9 25 33 73 64 38 17 73 29 50 54 14 80
13 14 31 77 12 62 92 91 7 22 70 34 42 23
13 3 15 58 95 22 29 99 97 88 13 78 13 18
13 33 98 96 75 58 96 3 70 7 65 47 90 39
13 66 42 90 11 70 97 79 38 3 49 41 29 94
13 67 69 7 99 64 66 50 54 78 88 9 3 95
0
