13 38 11 29 60 80 56 29 25 52 2 71 8 38
13 74 97 95 87 77 48 35 38 28 61 15 86 52
13 85 11 1 79 82 20 87 40 1 97 92 69 96
13 18 3 32 60 20 90 87 69 32 7 49 99 98
13 86 71 62 16 62 12 58 91 34 17 4 22 96
13 44 96 82 4 91 47 87 16 37 31 33 65 30
13 14 9 14 69 48 67 8 16 41 53 17 4 66
13 27 87 10 29 43 81 77 4 35 50 13 39 53
13 38 21 54 43 57 82 25 86 67 97 99 69 50
13 88 6 55 3 24 77 61 40 18 6 97 43 52
13 47 8 41 95 67 43 10 48 21 59 24 28 56
13 42 79 53 32 10 67 54 74 69 45 54 43 7
13 69 2 86 48 70 26 10 30 84 2 43 83 95
13 66 94 43 92 63 61 62 37 49 46 65 94 42
13 100 44 11 77 67 88 62 49 85 34 41 1 61
13 52 25 45 84 38 58 91 27 65 55 23 36 62
13 2 100 86 87 25 13 32 76 12 45 75 3 75
13 36 23 61 9 38 67 57 27 9 77 60 18 94
13 98 56 47 1 47 65 54 12 28 30 55 51 43
13 16 69 89 41 51 12 82 9 73 53 69 50 95
13 34 89 46 84 60 21 85 4 70 32 88 4 32
13 7 8 60 100 2 31 49 9 3 70 33 29 47
13 46 84 70 17 56 86 61 65 95 55 56 62 28
13 42 51 21 34 59 64 62 70 71 43 97 26 63
13 29 1 97 30 15 68 30 28 39 88 46 20 78
13 34 69 40 41 30 41 60 38 35 50 61 43 89
13 25 33 82 93 92 53 40 92 76 31 56 40 29
13 33 13 45 48 6 68 40 19 56 63 70 10 80
13 94 91 90 3 33 32 14 53 24 28 79 28 27
13 5 85 34 69 88 4 56 11 55 13 65 11 25
13 37 63 84 12 100 5 21 100 48 96 41 7 69
13 20 73 85 93 72 93 2 89 5 15 27 2 41
13 62 100 50 52 83 83 72 100 93 13 35 15 30
13 70 51 94 51 42 14 44 9 61 53 80 63 16
13 7 83 32 70 48 44 49 78 3 71 92 2 87
13 41 88 77 95 42 41 10 48 63 37 93 36 10
13 28 7 16 49 25 63 81 20 69 20 4 20 21
13 70 56 58 86 41 98 55 65 72 35 66 90 79
13 66 15 24 80 32 63 54 60 88 79 90 74 61
13 17 11 65 40 98 42 68 49 21 21 44 25 73
13 51 93 68 99 97 61 21 91 82 42 82 78 19
13 11 59 45 14 23 80 64 56 50 3 42 19 48
13 97 88 25 4 65 5 87 94 22 14 62 65 77
13 7 43 13 98 11 27 8 77 16 70 97 66 67
13 14 98 54 59 56 18 37 12 82 68 61 44 32
13 74 13 26 1 15 11 43 10 67 48 10 10 40
13 24 55 62 35 67 9 27 77 68 62 46 6 73
13 36 20 52 9 29 51 100 36 79 26 1 98 50
13 12 78 47 99 41 62 54 11 41 99 26 26 21
13 56 33 10 77 12 41 72 4 93 73 57 59 5
13 33 21 65 25 30 57 1 12 88 87 82 7 38
13 92 71 7 80 66 86 43 17 92 36 76 85 76
13 84 99 66 52 25 50 62 72 58 27 51 91 39
13 26 43 96 86 66 89 78 41 68 89 89 68 73
13 93 72 88 33 48 48 69 8 31 49 85 41 8
13 16 17 14 58 37 89 92 24 8 85 80 21 76
13 31 58 97 60 17 46 68 50 16 97 79 76 35
13 34 28 41 69 19 46 10 94 66 86 19 29 90
13 46 86 87 51 40 47 12 65 80 13 79 90 82
13 89 32 90 86 53 55 13 86 96 48 64 26 56
13 21 16 51 29 19 24 42 22 53 90 98 42 17
13 5 61 58 89 22 3 30 70 26 68 85 39 52
13 68 1 68 92 38 40 6 55 38 66 16 50 16
13 88 77 46 89 3 37 78 81 82 27 10 48 88
13 39 11 15 78 72 67 10 89 69 59 75 73 54
13 36 26 71 24 87 16 37 65 41 67 59 93 40
13 76 21 8 56 100 8 6 98 45 19 15 79 65
13 28 8 64 41 27 91 78 19 39 74 77 38 39
13 7 55 3 77 20 43 50 75 98 95 83 2 89
13 91 31 20 18 99 23 37 33 93 99 95 58 73
13 81 3 34 38 93 32 88 87 98 59 91 30 74
13 68 52 16 18 85 100 70 21 73 38 68 42 33
13 35 1 23 55 72 62 1 67 18 20 66 43 5
13 69 50 22 54 67 21 73 78 85 60 50 64 7
13 86 11 8 85 98 52 99 71 23 25 43 96 70
13 94 63 41 37 32 20 30 81 29 43 88 27 37
13 44 58 13 93 48 9 24 80 26 46 33 29 20
13 28 92 39 64 56 88 49 43 82 78 19 19 41
13 50 81 73 30 40 99 86 77 97 78 57 46 13
13 70 42 76 65 29 27 81 73 43 60 89 44 16
13 26 11 85 52 100 6 90 74 86 90 40 29 63
13 29 85 84 19 53 10 100 63 46 93 23 27 60
13 32 48 1 35 17 78 63 28 25 88 33 66 88
13 67 2 94 2 43 81 63 32 19 85 37 74 66
13 56 9 94 17 49 30 23 59 33 11 39 8 43
13 69 63 98 81 17 64 22 10 15 87 51 47 41
13 78 57 83 79 87 52 63 72 22 77 8 11 51
13 50 18 56 2 62 57 34 19 41 99 33 10 76
13 18 5 59 82 90 39 56 72 18 12 3 91 26
13 11 23 7 21 19 12 31 2 67 11 24 94 51
13 32 19 61 100 39 68 89 47 34 77 72 64 57
13 68 98 38 95 33 71 51 73 76 99 57 97 52
13 67 51 81 17 90 75 24 39 30 22 14 88 36
13 95 75 27 18 12 57 15 30 66 87 40 41 75
13 66 92 79 91 92 95 39 81 84 9 47 48 17
13 6 85 14 7 12 14 80 96 68 80 8 8 91
13 11 96 63 67 48 40 44 71 40 64 35 71 17
13 91 5 29 36 40 96 30 92 84 50 42 100 57
13 67 24 58 43 83 16 92 28 82 70 79 45 14
13 72 59 95 27 68 4 52 67 37 83 93 25 13
0
