6 26 28 55 81 76 71
6 65 66 32 30 44 33
6 42 2 29 35 2 25
6 80 74 93 23 66 42
6 10 5 42 88 97 69
6 19 5 20 32 68 75
6 16 53 87 56 34 92
6 100 42 91 35 74 14
6 23 24 38 5 22 56
6 87 93 53 24 39 12
6 42 3 88 92 14 40
6 25 56 29 82 96 14
6 50 89 84 2 42 67
6 7 86 94 5 65 76
6 76 49 74 18 26 82
6 2 53 91 54 32 46
6 20 83 20 70 23 48
6 5 100 42 92 28 81
6 98 55 38 67 64 88
6 78 43 14 14 46 89
6 11 26 52 39 8 23
6 54 19 46 94 95 69
6 21 49 57 74 40 86
6 36 38 76 37 81 97
6 47 71 32 13 13 19
6 84 51 18 80 32 81
6 60 80 3 31 80 44
6 54 27 3 55 22 68
6 59 73 73 18 3 38
6 1 1 49 65 20 26
6 20 88 60 11 57 53
6 19 35 39 42 23 63
6 34 97 99 98 26 24
6 26 78 70 17 90 96
6 48 14 82 65 81 87
6 32 68 60 33 89 69
6 39 36 47 91 22 88
6 66 82 36 94 80 22
6 70 78 62 61 91 88
6 47 41 42 92 47 31
6 26 55 50 97 76 45
6 61 57 75 37 70 3
6 45 32 19 99 74 82
6 36 33 66 82 10 48
6 13 5 77 9 86 2
6 86 50 86 5 6 93
6 62 58 82 63 79 61
6 43 47 63 53 28 40
6 45 78 68 85 15 48
6 9 98 59 25 82 36
6 44 75 45 10 11 64
6 6 38 34 30 9 52
6 6 96 79 89 13 50
6 79 20 43 37 42 42
6 64 4 57 93 31 82
6 85 5 67 14 1 67
6 95 52 52 10 17 7
6 50 82 36 16 53 7
6 78 93 52 8 73 99
6 96 18 82 30 12 53
6 28 24 51 73 11 29
6 38 9 69 10 91 49
6 39 83 92 91 13 51
6 13 29 99 28 53 6
6 43 93 5 19 60 45
6 11 84 66 94 26 39
6 41 6 51 5 24 45
6 96 96 43 3 53 30
6 20 1 79 41 35 16
6 72 36 21 11 94 41
6 31 95 6 35 9 12
6 41 24 9 94 33 5
6 94 29 5 23 85 23
6 11 47 11 33 75 89
6 15 58 47 4 36 91
6 98 97 94 58 48 59
6 49 55 28 32 86 93
6 40 79 54 51 36 46
6 70 91 3 26 61 55
6 78 61 98 68 27 96
6 86 87 73 43 82 52
6 54 67 18 38 7 83
6 12 67 80 30 24 23
6 88 96 86 3 12 99
6 6 40 56 75 85 63
6 95 59 4 79 83 47
6 50 99 68 23 20 81
6 83 68 53 60 65 74
6 100 31 86 54 72 23
6 12 39 34 27 67 21
6 11 39 50 93 55 26
6 85 92 59 44 46 71
6 59 89 19 44 18 84
6 82 31 90 61 81 88
6 93 19 97 5 1 57
6 73 71 5 99 87 83
6 57 56 70 3 13 96
6 48 39 51 65 8 18
6 45 15 44 34 22 17
6 41 89 92 90 92 77
0
