6 79 45 85 10 43 45
6 47 3 44 6 34 64
6 55 1 1 79 56 46
6 80 55 82 4 39 49
6 56 78 90 26 94 78
6 77 6 56 87 67 62
6 88 4 6 3 30 3
6 33 86 25 100 10 96
6 2 91 13 59 48 61
6 23 66 20 88 53 42
6 46 37 87 31 25 64
6 68 87 52 15 92 70
6 73 68 64 74 56 69
6 47 5 1 73 62 73
6 44 73 100 52 50 84
6 73 74 57 88 52 21
6 72 3 62 40 80 68
6 84 8 51 96 50 63
6 36 31 96 74 21 75
6 100 70 74 79 65 67
6 14 25 66 50 26 76
6 94 45 14 57 96 94
6 8 37 87 17 26 39
6 88 86 76 80 57 55
6 22 57 38 90 84 72
6 15 95 20 36 28 78
6 6 11 6 92 27 49
6 79 65 95 67 9 25
6 72 14 100 91 25 91
6 17 40 9 60 48 32
6 9 84 30 97 16 100
6 76 53 24 14 63 93
6 63 51 37 64 26 70
6 86 64 43 32 100 82
6 6 11 41 53 60 63
6 50 1 35 67 22 71
6 42 49 9 8 85 61
6 99 84 35 64 77 92
6 48 6 17 27 10 25
6 71 94 75 41 53 35
6 56 38 33 93 2 69
6 50 79 42 20 83 34
6 17 48 8 17 61 72
6 19 16 14 27 72 73
6 24 14 42 64 30 34
6 61 56 42 50 20 27
6 59 30 71 91 4 8
6 31 88 59 38 83 16
6 2 21 39 97 67 21
6 73 54 55 71 35 35
6 28 92 16 50 40 59
6 55 96 34 90 77 49
6 1 29 20 78 55 65
6 68 29 47 65 50 31
6 84 100 65 78 26 19
6 20 68 96 84 7 60
6 99 59 22 48 42 57
6 88 81 95 72 66 72
6 62 64 34 33 70 64
6 99 98 4 52 71 33
6 85 26 29 83 20 6
6 42 86 72 33 10 70
6 55 43 84 37 79 33
6 41 13 84 18 47 75
6 89 81 11 29 24 72
6 69 59 47 88 16 3
6 52 50 25 97 69 42
6 46 87 78 67 28 10
6 97 19 78 77 64 25
6 85 62 90 20 84 88
6 19 22 57 77 38 58
6 55 89 73 4 67 95
6 68 64 54 83 67 63
6 89 33 62 82 76 50
6 51 91 57 60 86 94
6 56 61 34 20 100 61
6 65 64 21 17 98 64
6 74 2 23 35 79 97
6 49 49 51 29 60 50
6 87 98 40 33 79 17
6 86 22 35 42 13 35
6 54 81 72 65 91 90
6 52 1 44 84 40 29
6 60 54 65 30 30 42
6 45 9 84 58 52 7
6 26 95 29 24 79 16
6 75 44 23 24 23 5
6 11 70 95 5 78 3
6 5 5 41 98 46 90
6 61 24 71 32 82 17
6 22 5 27 59 66 41
6 54 22 92 73 50 42
6 54 56 59 10 86 42
6 52 18 76 28 34 32
6 37 53 61 87 68 89
6 41 16 67 23 63 38
6 19 96 43 41 21 55
6 88 36 53 3 79 29
6 89 30 1 97 27 52
6 52 93 49 27 2 67
0
