6 50 23 1 39 98 93
6 99 51 54 34 18 49
6 26 22 53 40 32 18
6 13 81 89 3 26 97
6 56 1 62 88 3 32
6 60 25 67 63 15 25
6 76 47 98 66 97 58
6 12 73 98 21 1 84
6 95 24 15 10 2 98
6 43 72 90 37 88 31
6 94 20 27 68 45 24
6 82 27 16 84 98 27
6 31 93 48 10 33 54
6 55 71 66 65 88 22
6 11 99 8 92 17 95
6 3 67 19 79 46 87
6 70 14 78 77 75 22
6 73 98 4 34 10 72
6 53 88 88 36 77 46
6 73 3 77 70 69 64
6 100 92 70 55 18 28
6 14 72 53 98 20 10
6 80 11 65 76 79 81
6 83 74 67 62 60 54
6 24 34 4 41 91 71
6 41 100 81 6 53 49
6 6 9 55 15 81 15
6 59 91 16 17 46 87
6 26 15 33 93 6 94
6 79 26 76 33 23 85
6 42 10 37 84 11 37
6 96 82 99 96 61 2
6 84 94 27 99 27 26
6 50 41 60 51 94 37
6 23 78 81 53 79 68
6 45 39 77 19 85 40
6 10 76 68 85 70 71
6 95 14 53 34 76 16
6 44 75 23 69 77 34
6 22 37 69 12 9 88
6 18 46 43 19 33 65
6 65 21 74 63 16 24
6 39 8 31 36 71 28
6 23 20 76 88 26 67
6 85 7 71 22 53 82
6 24 97 77 68 88 80
6 5 2 8 45 99 3
6 48 76 5 28 39 35
6 84 2 75 83 14 93
6 75 79 76 34 11 96
6 58 49 26 78 5 29
6 48 3 34 92 12 94
6 49 23 21 4 60 7
6 12 11 99 95 76 91
6 58 6 90 85 6 92
6 17 86 98 37 79 74
6 24 62 55 68 39 9
6 63 31 100 19 41 38
6 98 9 97 96 32 1
6 22 85 57 87 42 78
6 51 12 26 89 33 10
6 59 94 51 66 6 26
6 17 47 29 60 28 32
6 51 91 84 22 52 38
6 87 20 58 48 79 55
6 4 37 75 34 100 97
6 24 79 29 84 71 85
6 68 2 32 75 56 10
6 57 73 48 2 96 61
6 59 77 28 52 75 58
6 71 44 92 93 38 75
6 41 17 94 70 54 5
6 86 28 41 55 19 57
6 78 59 27 47 14 44
6 82 100 83 18 51 46
6 66 92 70 1 66 20
6 100 7 41 22 80 34
6 94 58 70 18 77 23
6 90 81 53 93 98 29
6 56 61 97 30 68 80
6 64 21 57 86 55 77
6 34 18 65 45 18 88
6 94 66 20 58 9 3
6 21 15 50 31 91 42
6 34 84 66 28 90 74
6 29 95 51 14 6 35
6 83 25 83 97 33 41
6 26 74 67 72 86 29
6 49 44 92 42 55 43
6 12 12 35 35 60 90
6 29 82 43 95 84 100
6 88 44 29 30 54 22
6 28 96 88 85 60 86
6 94 75 60 37 95 94
6 92 88 62 34 21 74
6 51 23 40 64 18 88
6 95 12 32 24 6 38
6 11 74 51 25 69 24
6 56 45 29 28 76 8
6 76 16 97 88 31 64
0
