6 93 38 78 62 18 13
6 86 30 92 69 44 96
6 46 74 14 40 92 36
6 7 24 23 49 51 37
6 16 16 97 59 92 17
6 52 55 21 54 9 20
6 85 17 3 22 95 47
6 2 12 96 26 2 68
6 20 74 56 81 43 87
6 79 44 71 58 65 49
6 18 77 93 57 82 22
6 1 61 61 4 72 14
6 28 63 18 64 36 38
6 53 50 99 14 68 3
6 77 60 99 7 83 84
6 17 75 26 70 34 36
6 60 47 41 12 15 34
6 99 88 48 12 10 63
6 63 85 25 70 54 77
6 81 21 96 55 13 73
6 91 74 79 40 21 85
6 86 67 48 17 25 2
6 99 83 38 91 97 59
6 36 21 41 65 10 28
6 35 38 77 16 81 15
6 66 94 54 22 69 46
6 22 39 82 26 64 87
6 90 55 60 91 37 91
6 72 79 47 84 73 53
6 34 81 36 73 15 91
6 67 64 93 14 10 75
6 15 18 46 18 86 13
6 22 97 78 30 62 29
6 34 49 9 8 60 70
6 83 84 55 64 79 87
6 48 87 84 37 68 41
6 94 26 91 75 48 87
6 50 92 68 59 87 80
6 71 35 23 47 69 47
6 62 72 68 3 67 64
6 29 75 62 72 84 4
6 17 44 98 41 43 2
6 54 9 46 47 52 14
6 77 73 84 47 49 95
6 50 63 77 1 28 35
6 40 91 31 74 99 22
6 56 99 25 66 58 100
6 46 59 60 50 13 83
6 40 14 50 96 51 75
6 12 91 69 57 13 10
6 90 14 34 93 7 87
6 58 100 79 96 12 34
6 6 37 9 73 35 65
6 100 99 62 77 36 94
6 68 97 44 1 91 24
6 70 87 75 9 95 16
6 35 23 20 98 94 41
6 97 34 10 75 38 37
6 66 29 39 63 24 22
6 54 15 22 18 1 8
6 78 68 33 39 66 36
6 97 73 38 33 4 2
6 1 35 6 14 30 51
6 67 3 30 84 78 91
6 72 10 89 86 14 98
6 82 65 72 90 33 67
6 48 63 57 33 47 57
6 50 46 27 62 81 64
6 18 79 92 10 47 28
6 60 51 32 19 19 24
6 15 25 16 22 51 93
6 71 39 68 78 27 35
6 48 52 86 3 76 22
6 51 89 70 59 59 51
6 12 26 90 7 34 53
6 30 100 70 27 51 21
6 1 38 21 78 59 25
6 51 75 20 5 13 20
6 37 19 16 30 82 70
6 86 2 50 23 100 84
6 13 39 86 56 23 72
6 38 92 52 52 21 61
6 28 59 60 65 74 20
6 30 78 42 36 23 94
6 10 24 60 22 68 13
6 70 85 9 93 57 5
6 36 55 19 29 66 95
6 95 8 24 78 83 53
6 96 10 25 53 2 87
6 61 37 26 33 74 20
6 22 65 80 21 77 19
6 37 14 56 78 24 23
6 66 80 93 94 11 12
6 40 28 9 55 6 88
6 34 31 54 91 74 95
6 94 84 22 63 65 54
6 99 2 41 97 37 11
6 70 14 95 91 77 44
6 4 3 51 36 21 65
6 54 96 33 35 22 56
0
