6 38 43 78 33 97 34
6 78 36 26 22 58 83
6 31 52 36 51 23 62
6 30 18 99 69 31 75
6 71 7 52 53 96 40
6 77 32 11 27 1 52
6 34 72 23 13 90 82
6 38 79 47 7 48 24
6 93 7 93 63 89 83
6 58 8 69 38 48 58
6 42 19 6 20 39 86
6 40 9 94 16 100 50
6 67 18 15 23 97 37
6 52 67 45 62 28 48
6 62 33 2 39 82 4
6 51 12 88 98 74 99
6 71 57 74 79 100 29
6 8 40 57 75 84 52
6 92 15 17 50 42 54
6 45 45 69 23 100 80
6 66 44 32 63 61 70
6 73 85 47 43 91 59
6 74 69 17 46 60 16
6 54 1 45 87 67 27
6 34 75 47 65 55 37
6 99 67 1 63 87 34
6 22 15 91 26 44 1
6 55 25 80 62 45 32
6 80 93 48 68 3 18
6 18 58 52 98 67 97
6 3 23 65 17 51 44
6 97 10 31 17 63 2
6 24 89 23 68 75 37
6 9 74 57 87 98 18
6 14 79 81 17 52 50
6 56 68 53 48 72 89
6 44 4 40 38 3 32
6 67 73 33 94 46 5
6 6 26 76 8 35 97
6 80 42 36 68 57 73
6 38 3 94 36 91 26
6 77 30 24 30 18 28
6 42 7 77 48 61 5
6 96 51 30 50 84 46
6 74 16 75 61 26 68
6 22 67 86 50 1 6
6 90 100 60 82 27 90
6 71 34 29 64 26 29
6 25 77 33 51 59 90
6 27 61 74 7 46 83
6 59 58 4 5 96 47
6 78 89 89 17 80 73
6 21 5 45 28 56 97
6 73 30 2 91 14 5
6 96 93 46 64 7 39
6 33 7 60 36 58 45
6 92 52 100 87 65 10
6 87 57 67 22 42 63
6 62 76 28 38 54 49
6 18 25 90 90 36 47
6 97 3 8 34 36 8
6 86 2 54 32 27 53
6 1 47 67 59 3 6
6 25 7 15 43 29 85
6 63 66 26 54 80 37
6 75 34 32 87 100 4
6 21 100 50 65 46 96
6 23 86 95 53 97 52
6 2 92 70 80 100 63
6 33 55 24 43 16 5
6 14 85 45 1 9 100
6 80 21 91 10 67 36
6 76 70 65 16 7 6
6 13 43 96 89 6 73
6 89 77 60 65 16 3
6 66 65 97 40 87 32
6 42 37 25 36 87 3
6 28 32 56 41 56 92
6 58 47 98 44 14 59
6 40 55 29 47 33 81
6 9 91 67 27 73 44
6 5 56 100 94 81 69
6 32 87 23 98 87 30
6 32 41 3 67 1 99
6 6 37 16 9 13 18
6 54 5 86 46 36 75
6 29 51 39 79 19 36
6 6 90 95 90 38 85
6 43 100 18 21 23 48
6 34 8 25 84 7 72
6 16 70 89 44 54 76
6 7 49 94 75 44 87
6 52 3 15 37 76 12
6 34 53 97 88 69 25
6 34 97 81 35 88 74
6 72 92 7 70 67 90
6 67 26 66 24 47 29
6 45 91 49 26 61 50
6 78 72 27 74 25 69
6 89 4 7 21 6 21
0
