6 93 71 51 81 33 32
6 31 15 44 79 5 9
6 77 85 90 99 32 29
6 7 94 37 100 96 12
6 60 99 2 91 11 10
6 4 97 81 38 80 14
6 39 67 87 48 45 56
6 70 11 52 79 75 79
6 27 36 29 81 59 42
6 15 12 24 87 17 74
6 81 46 12 34 41 27
6 56 100 36 54 81 11
6 86 100 3 71 34 91
6 76 100 15 80 91 87
6 5 48 34 60 66 36
6 45 80 81 63 66 50
6 55 23 38 42 69 34
6 50 26 78 15 43 61
6 18 97 44 65 33 45
6 69 47 21 44 14 94
6 23 39 10 19 61 71
6 2 1 61 37 78 97
6 98 84 74 40 91 34
6 91 8 98 88 76 61
6 72 17 44 46 43 43
6 86 53 25 75 57 20
6 58 35 71 73 73 33
6 41 5 94 18 76 33
6 100 76 77 37 62 74
6 24 18 67 39 79 72
6 86 66 24 61 50 97
6 9 98 38 43 87 31
6 89 40 17 25 73 1
6 50 13 45 62 7 20
6 83 5 88 71 52 92
6 87 12 31 47 46 18
6 92 51 22 39 77 87
6 44 96 8 46 16 30
6 100 65 66 24 34 7
6 41 48 65 67 67 40
6 57 50 79 43 89 51
6 21 1 61 84 28 75
6 87 47 15 35 69 85
6 90 72 59 74 9 39
6 59 7 97 90 31 94
6 58 62 44 13 31 33
6 57 10 65 36 67 93
6 40 56 90 78 15 32
6 26 91 13 7 1 32
6 58 76 56 23 21 34
6 2 35 45 27 16 48
6 51 29 99 51 78 37
6 100 52 89 60 73 38
6 62 67 10 24 83 74
6 23 55 27 49 13 51
6 92 31 33 94 20 41
6 52 71 79 60 77 80
6 79 55 98 33 19 79
6 98 50 22 36 44 35
6 52 93 56 38 58 89
6 43 29 23 34 100 35
6 43 79 62 38 44 17
6 14 20 33 46 51 75
6 79 7 37 73 84 76
6 70 52 18 82 96 71
6 28 4 40 7 28 71
6 53 10 97 1 17 70
6 85 65 32 18 28 98
6 6 18 48 18 27 8
6 56 13 31 36 35 15
6 33 52 9 94 61 77
6 41 69 1 71 19 87
6 17 91 95 64 43 84
6 84 83 78 83 26 32
6 32 64 29 89 91 78
6 2 60 80 19 29 68
6 82 70 13 17 87 58
6 29 69 10 40 72 74
6 24 56 64 66 9 9
6 61 94 83 87 36 3
6 26 15 31 31 60 14
6 99 28 31 34 37 23
6 76 26 35 24 100 61
6 50 42 7 63 82 25
6 2 48 74 52 76 78
6 14 31 16 70 35 30
6 63 50 40 28 9 62
6 72 66 95 53 93 34
6 47 75 77 45 79 33
6 44 2 37 5 36 2
6 48 61 100 57 81 71
6 61 73 93 47 68 11
6 6 85 78 91 21 33
6 82 45 38 41 23 74
6 65 26 94 56 57 87
6 83 67 67 32 61 81
6 77 71 85 77 35 41
6 35 85 47 3 75 45
6 93 87 43 36 3 31
6 46 82 32 6 2 79
0
