6 64 19 39 68 20 27
6 36 56 56 33 47 86
6 68 68 28 58 1 9
6 92 6 53 80 84 59
6 49 2 81 61 96 69
6 82 44 61 76 29 13
6 60 1 4 77 10 66
6 60 36 1 88 73 66
6 74 91 24 56 13 46
6 76 14 93 2 40 42
6 11 91 84 93 48 75
6 88 9 74 92 46 7
6 75 49 39 74 34 9
6 96 18 40 51 79 99
6 70 62 57 10 69 81
6 80 74 26 15 38 63
6 85 67 77 33 7 90
6 98 76 59 66 24 21
6 26 14 90 80 21 87
6 45 24 68 100 41 61
6 66 61 24 69 16 95
6 36 63 8 20 30 56
6 74 37 67 40 98 62
6 72 81 65 53 90 70
6 75 95 99 99 30 4
6 37 13 8 42 80 27
6 2 5 76 76 37 35
6 13 11 60 79 42 9
6 12 52 78 25 88 96
6 54 51 88 30 100 80
6 80 58 61 9 11 95
6 37 79 7 51 16 10
6 64 35 25 86 76 69
6 4 72 61 85 74 18
6 39 92 96 31 54 96
6 61 82 83 89 8 21
6 67 80 2 77 53 19
6 9 89 81 28 39 53
6 87 56 30 6 37 36
6 60 83 81 30 81 11
6 75 38 64 30 27 83
6 91 1 76 98 47 67
6 24 58 55 30 52 19
6 1 75 52 18 71 38
6 17 85 57 2 19 32
6 29 33 5 71 63 27
6 23 10 2 26 51 28
6 68 79 53 52 14 63
6 82 28 25 45 44 96
6 42 60 39 81 100 96
6 40 83 59 95 83 100
6 49 14 48 60 13 54
6 2 35 66 65 95 93
6 45 42 45 42 71 50
6 71 65 2 76 96 43
6 89 64 48 19 68 99
6 40 76 79 51 49 23
6 16 51 18 13 83 23
6 43 13 65 90 94 21
6 85 23 24 15 56 58
6 69 36 93 24 49 4
6 89 15 50 11 15 2
6 7 96 50 60 64 77
6 70 83 21 40 74 95
6 25 89 41 28 43 5
6 20 34 84 59 11 73
6 68 77 15 98 16 10
6 19 46 89 71 73 41
6 74 1 56 37 72 66
6 48 81 98 47 54 5
6 97 26 81 97 58 28
6 79 70 56 84 89 93
6 86 24 67 11 28 60
6 55 14 26 13 39 79
6 25 63 47 84 42 87
6 69 77 34 8 17 78
6 48 88 85 4 35 64
6 38 6 99 62 89 23
6 87 7 72 63 86 77
6 94 71 99 46 6 61
6 51 44 81 16 41 69
6 94 44 64 75 42 11
6 57 40 13 30 93 23
6 35 56 39 60 42 100
6 11 78 97 85 2 9
6 30 86 14 34 54 44
6 83 55 1 21 84 79
6 49 99 3 70 99 66
6 63 3 72 35 52 55
6 75 30 6 8 9 70
6 51 2 23 41 100 9
6 88 63 3 84 42 85
6 54 50 22 7 32 16
6 20 89 65 99 57 23
6 21 56 48 88 38 90
6 33 50 94 62 61 49
6 51 46 95 82 86 25
6 8 18 36 72 17 4
6 81 7 95 87 31 50
6 64 49 70 50 73 74
0
