6 62 12 85 29 6 17
6 63 86 9 77 44 40
6 51 78 96 49 97 28
6 71 1 6 71 22 36
6 81 33 79 41 36 7
6 98 48 52 46 73 34
6 24 27 15 100 32 17
6 82 6 43 99 14 7
6 56 14 23 47 82 36
6 43 84 35 83 42 30
6 31 77 54 42 50 29
6 58 90 75 28 15 3
6 98 10 86 60 65 64
6 98 43 67 67 58 6
6 1 70 83 84 81 16
6 55 89 94 21 31 68
6 50 33 63 41 84 100
6 31 68 57 73 19 49
6 62 32 24 33 96 42
6 46 69 57 25 93 34
6 43 37 4 54 57 83
6 99 51 63 77 8 78
6 11 83 1 98 51 93
6 24 42 69 57 75 93
6 1 71 41 73 35 45
6 87 72 97 49 84 96
6 9 20 50 2 28 5
6 18 70 43 73 67 61
6 54 26 80 87 91 82
6 56 19 1 63 22 70
6 65 53 55 9 95 41
6 84 52 66 42 14 8
6 43 93 68 24 56 65
6 62 81 68 53 88 27
6 39 90 7 4 96 70
6 98 19 95 55 62 33
6 89 84 30 70 99 13
6 65 99 31 19 86 81
6 71 37 90 58 44 49
6 70 23 90 42 68 10
6 74 66 8 1 40 41
6 76 100 52 91 100 61
6 69 99 9 35 40 64
6 84 69 87 47 39 44
6 2 31 53 31 8 75
6 91 83 74 90 80 60
6 5 33 77 95 6 56
6 33 58 3 35 19 86
6 34 34 75 84 69 61
6 61 76 81 46 58 82
6 36 63 59 70 86 31
6 98 99 85 37 40 20
6 100 54 54 41 98 45
6 54 9 1 100 50 13
6 45 29 19 48 91 70
6 75 81 58 55 1 19
6 9 3 55 55 33 50
6 30 17 42 94 6 25
6 61 56 65 29 56 19
6 77 57 14 24 50 26
6 39 64 54 31 24 47
6 9 98 79 6 77 8
6 4 12 27 61 33 19
6 53 87 5 98 79 81
6 29 74 4 95 81 10
6 6 81 65 20 22 58
6 91 91 99 79 24 98
6 95 81 75 11 35 80
6 35 34 71 26 62 33
6 53 21 75 33 84 64
6 65 55 46 49 33 28
6 16 91 41 3 78 7
6 92 97 66 75 82 35
6 81 66 81 89 25 88
6 91 54 15 77 22 37
6 24 24 75 71 32 2
6 54 42 43 97 54 26
6 67 21 87 31 48 46
6 92 36 31 40 40 47
6 78 6 92 45 92 81
6 10 58 85 74 82 5
6 46 69 70 86 11 26
6 5 18 6 12 37 79
6 84 5 85 34 51 68
6 18 41 82 59 34 38
6 98 85 48 30 57 27
6 62 59 65 40 76 43
6 32 7 31 57 83 50
6 78 21 90 77 70 72
6 81 88 45 82 17 53
6 13 33 63 14 66 99
6 46 23 9 8 37 33
6 52 13 95 48 55 73
6 38 27 62 94 83 77
6 71 88 27 30 63 95
6 96 21 56 74 56 51
6 97 61 88 54 25 91
6 85 15 14 61 11 48
6 42 28 42 21 26 50
6 73 31 83 8 28 88
0
