6 82 67 66 27 31 89
6 97 44 37 95 49 67
6 70 66 15 94 10 82
6 88 64 7 51 4 89
6 40 43 75 32 58 78
6 15 62 8 6 44 10
6 11 74 89 25 98 53
6 87 98 29 19 65 90
6 20 61 70 71 59 14
6 96 24 81 55 22 91
6 69 56 49 66 11 29
6 28 79 48 88 17 82
6 80 92 81 29 73 51
6 48 87 13 97 42 58
6 38 33 66 29 13 14
6 48 58 72 99 37 85
6 6 7 56 33 85 73
6 62 87 92 51 19 94
6 55 62 35 42 83 58
6 31 33 39 96 53 36
6 40 70 24 2 78 3
6 41 100 64 73 43 5
6 59 51 49 93 92 83
6 10 13 86 64 48 70
6 39 33 93 80 50 67
6 71 9 99 46 22 3
6 24 88 39 78 63 66
6 42 55 9 51 17 74
6 21 83 57 40 11 93
6 73 30 57 33 61 94
6 52 30 98 52 44 91
6 22 52 25 54 60 58
6 94 18 63 54 84 90
6 81 96 8 55 96 37
6 58 1 35 88 61 51
6 86 32 37 93 26 25
6 24 35 81 29 42 5
6 16 7 8 70 4 72
6 75 42 8 70 23 44
6 7 76 78 92 6 36
6 96 78 60 13 48 75
6 57 69 16 82 38 72
6 46 12 79 6 43 53
6 85 90 83 52 39 92
6 47 97 83 19 76 41
6 69 84 36 10 67 38
6 29 46 33 31 94 67
6 2 19 26 37 36 52
6 62 43 44 27 39 16
6 69 66 97 90 63 52
6 59 62 65 61 50 88
6 48 87 57 52 48 22
6 100 30 63 55 42 98
6 89 62 77 61 99 85
6 56 98 44 53 99 84
6 99 27 7 93 39 88
6 71 51 34 63 20 94
6 23 96 100 100 23 39
6 93 5 56 70 16 63
6 57 16 54 81 26 19
6 35 47 4 2 90 56
6 73 48 45 36 73 95
6 81 1 21 97 60 72
6 26 68 11 60 89 94
6 75 32 47 2 55 59
6 4 58 39 54 61 6
6 41 57 27 53 85 42
6 46 99 97 31 25 67
6 26 74 94 70 25 52
6 50 33 94 52 47 61
6 90 39 94 93 49 13
6 58 50 18 73 15 91
6 44 37 36 30 19 1
6 38 3 52 15 9 1
6 6 13 25 87 29 72
6 43 62 89 96 80 72
6 76 56 59 88 45 88
6 67 18 100 34 51 61
6 40 71 77 2 69 23
6 10 60 23 63 20 73
6 8 67 67 60 4 51
6 17 91 23 8 89 69
6 90 2 4 38 99 48
6 19 60 31 9 26 55
6 48 100 81 7 96 18
6 88 73 71 41 17 8
6 61 85 23 55 16 25
6 35 97 79 91 38 76
6 27 36 21 6 81 74
6 17 42 23 48 51 8
6 88 78 40 37 26 71
6 39 74 85 76 92 18
6 86 58 45 91 51 95
6 80 34 86 9 28 40
6 53 60 37 15 81 91
6 43 21 4 55 83 67
6 93 32 48 37 14 37
6 13 58 72 39 80 92
6 44 57 88 2 35 83
6 60 94 20 25 19 86
0
