6 29 64 81 14 95 1
6 88 73 16 37 81 98
6 92 64 65 42 72 93
6 95 59 14 39 48 35
6 89 55 46 99 62 75
6 39 56 37 63 42 81
6 90 79 4 74 99 41
6 88 53 34 29 58 66
6 1 67 6 89 2 83
6 17 1 58 96 61 80
6 18 76 9 35 32 1
6 16 28 100 15 27 3
6 38 56 7 41 77 60
6 54 30 67 81 61 58
6 23 55 50 33 13 51
6 17 17 28 82 80 29
6 86 77 77 15 58 11
6 28 58 2 59 25 63
6 64 84 22 58 94 64
6 5 34 59 85 17 9
6 93 83 74 57 29 43
6 30 37 7 60 97 68
6 51 40 45 69 13 18
6 15 6 48 79 57 87
6 6 95 1 28 7 38
6 76 91 24 77 9 45
6 65 8 17 95 3 25
6 54 41 24 70 64 10
6 92 35 20 56 88 80
6 93 91 82 35 97 45
6 9 35 28 22 85 52
6 13 29 75 33 22 55
6 82 100 30 6 4 61
6 78 55 35 76 16 47
6 65 90 48 8 40 63
6 86 88 69 38 73 2
6 8 20 70 60 91 74
6 52 25 51 90 64 33
6 96 93 23 3 19 29
6 7 75 30 58 27 21
6 63 3 31 14 94 8
6 7 15 85 54 88 67
6 55 70 77 94 100 78
6 97 56 11 6 14 42
6 22 69 6 77 84 53
6 78 2 3 16 20 71
6 53 72 17 89 80 49
6 80 5 56 99 87 57
6 1 21 48 83 6 88
6 88 33 34 100 100 25
6 95 5 65 63 20 6
6 29 71 73 44 60 96
6 25 65 33 4 33 88
6 83 89 24 38 5 79
6 17 63 46 10 45 11
6 61 51 74 87 19 69
6 6 15 99 65 75 79
6 4 93 60 35 76 17
6 39 92 33 8 82 61
6 64 4 31 82 65 39
6 45 97 17 70 53 83
6 77 50 30 33 29 65
6 46 68 37 7 49 11
6 63 35 85 77 56 6
6 47 95 73 62 76 19
6 52 19 12 83 33 99
6 81 81 55 40 86 76
6 95 25 99 65 47 54
6 60 87 24 48 40 17
6 90 25 19 47 77 20
6 41 48 73 38 28 51
6 60 57 58 92 13 2
6 3 99 13 51 9 16
6 81 46 57 61 86 69
6 55 13 65 58 42 98
6 23 83 14 59 62 84
6 19 96 31 78 31 30
6 58 84 61 14 96 91
6 1 66 92 55 48 9
6 74 10 4 1 82 10
6 68 11 4 79 42 78
6 21 5 67 64 24 95
6 45 30 84 18 16 6
6 55 43 10 100 52 45
6 65 90 78 10 79 85
6 80 84 54 22 26 15
6 70 82 82 82 54 7
6 81 87 59 87 41 81
6 73 94 70 33 29 84
6 33 53 44 4 5 29
6 37 97 13 92 22 12
6 11 28 57 79 79 33
6 86 9 93 56 38 11
6 14 71 86 91 86 82
6 58 95 58 69 73 96
6 68 85 17 25 27 82
6 1 76 19 25 96 21
6 22 48 86 19 33 47
6 89 60 62 86 52 60
6 66 81 20 73 64 87
0
