7 96 36 9 21 19 90 33
7 62 77 72 54 90 75 69
7 79 50 42 7 78 68 64
7 72 9 37 100 50 54 23
7 76 30 80 92 92 9 28
7 16 12 53 2 4 38 71
7 24 28 90 92 10 66 43
7 13 96 17 55 32 80 2
7 87 92 76 58 97 97 80
7 43 47 49 99 24 89 91
7 64 74 4 55 83 65 22
7 94 73 64 46 72 24 78
7 91 68 97 66 30 85 9
7 22 5 76 55 76 39 9
7 24 14 87 23 17 96 24
7 94 30 72 19 76 84 82
7 11 41 89 42 23 48 36
7 51 91 93 24 74 49 32
7 25 4 31 56 61 65 93
7 28 98 98 92 23 46 58
7 50 100 57 93 18 56 55
7 14 33 40 45 47 39 26
7 97 7 92 77 82 72 6
7 91 85 14 23 8 71 17
7 81 43 13 3 70 51 67
7 94 99 92 14 85 45 80
7 63 41 7 87 72 88 6
7 19 9 55 6 41 93 61
7 23 13 12 95 52 32 41
7 70 20 13 9 92 19 81
7 95 60 16 76 95 66 77
7 81 33 78 21 14 75 52
7 14 6 48 5 98 76 60
7 2 43 57 69 80 60 57
7 4 35 80 59 44 27 86
7 56 33 72 70 34 13 1
7 10 50 8 97 90 87 38
7 36 31 53 36 1 3 15
7 74 77 37 45 84 31 39
7 59 40 54 90 71 40 25
7 83 82 83 25 84 22 99
7 50 13 11 39 55 28 76
7 72 88 45 45 46 100 52
7 40 32 96 92 13 100 24
7 52 39 14 67 62 92 56
7 61 41 8 98 53 25 99
7 11 61 29 97 96 80 91
7 16 43 50 96 97 73 59
7 64 48 2 33 85 74 69
7 100 77 40 46 74 97 90
7 71 44 13 26 67 100 23
7 12 40 11 95 43 41 55
7 29 42 36 46 65 44 85
7 43 13 73 58 51 50 47
7 23 99 25 90 67 13 17
7 64 78 33 21 69 55 95
7 7 58 58 90 100 89 82
7 7 73 53 61 40 51 45
7 56 44 59 20 78 77 48
7 90 38 14 17 26 33 83
7 80 55 90 42 5 70 8
7 92 49 59 74 37 70 100
7 63 93 24 20 69 48 62
7 23 80 44 71 19 60 86
7 33 99 51 35 84 76 29
7 34 27 46 94 24 91 9
7 71 20 81 65 41 81 83
7 79 35 5 85 73 52 87
7 10 86 76 13 81 72 56
7 17 16 98 56 10 75 11
7 89 92 91 77 36 100 67
7 95 22 13 89 6 19 69
7 46 94 94 75 32 97 19
7 96 13 88 72 36 20 43
7 6 7 60 12 75 9 76
7 52 38 42 70 38 87 65
7 81 44 21 63 31 28 46
7 68 85 4 33 81 33 67
7 3 49 29 97 16 19 65
7 85 94 62 83 86 33 76
7 44 75 26 52 100 51 25
7 30 59 13 85 74 31 33
7 46 82 41 46 10 88 19
7 25 38 95 64 51 22 13
7 88 94 52 60 88 97 10
7 87 22 82 98 25 45 9
7 38 96 59 67 1 53 49
7 24 96 52 9 87 28 32
7 52 73 1 83 26 42 81
7 37 29 4 47 70 77 92
7 97 93 63 99 29 98 39
7 82 63 80 81 90 10 86
7 32 67 30 25 20 20 49
7 92 93 21 70 79 13 45
7 93 92 72 63 22 79 96
7 95 10 90 75 33 44 2
7 97 99 58 6 83 9 35
7 30 62 99 69 83 98 18
7 16 34 55 63 97 42 37
7 77 57 84 88 94 62 2
0
