7 38 98 68 56 85 84 10
7 51 3 5 4 91 17 19
7 42 81 24 67 62 38 94
7 47 66 27 36 7 86 19
7 39 63 76 98 41 3 79
7 4 46 20 46 14 87 51
7 37 12 25 78 14 5 52
7 34 6 4 92 44 93 93
7 98 18 88 59 44 71 69
7 92 11 29 60 92 38 15
7 68 67 80 90 30 6 54
7 63 79 68 58 64 34 54
7 68 59 76 90 11 84 92
7 79 41 81 63 54 53 88
7 44 22 70 54 78 25 45
7 92 66 28 16 83 41 54
7 97 81 87 38 6 78 89
7 66 38 54 82 64 21 65
7 64 16 78 25 7 64 94
7 28 55 73 63 63 99 97
7 3 24 78 55 26 13 69
7 63 29 32 43 99 96 44
7 46 23 80 12 51 67 67
7 46 97 45 47 13 91 6
7 65 29 23 3 83 66 92
7 98 12 76 48 17 95 18
7 47 90 8 89 31 9 22
7 13 49 7 32 31 74 53
7 7 74 55 41 92 64 79
7 33 36 40 98 91 23 10
7 63 44 35 31 64 66 18
7 39 50 60 91 93 88 76
7 92 14 57 89 84 38 90
7 46 40 41 46 52 26 94
7 12 84 13 63 51 97 29
7 32 26 73 76 85 83 14
7 27 7 74 33 79 34 91
7 27 80 74 88 41 20 76
7 74 98 5 85 15 71 31
7 34 56 86 33 99 73 100
7 83 46 78 54 82 59 59
7 11 98 79 88 65 81 45
7 74 9 16 85 61 25 93
7 100 22 57 36 45 82 21
7 23 55 70 87 18 52 11
7 4 69 6 65 70 49 84
7 63 46 25 32 82 83 21
7 100 48 79 2 91 89 49
7 17 54 41 81 3 9 36
7 45 67 49 89 72 18 99
7 66 61 75 83 50 10 94
7 66 22 50 83 41 75 42
7 32 91 5 68 85 59 52
7 90 81 12 51 39 26 30
7 1 83 62 63 65 25 28
7 2 31 69 38 79 70 68
7 49 91 5 85 11 48 72
7 50 70 42 16 68 5 1
7 87 16 32 35 75 68 49
7 5 31 21 69 14 71 19
7 71 76 44 6 47 36 55
7 76 12 28 48 6 80 32
7 13 88 11 55 5 45 32
7 12 39 94 3 17 34 43
7 34 39 26 20 39 16 34
7 3 19 99 45 52 97 6
7 49 13 24 97 11 4 95
7 54 84 58 59 65 12 91
7 29 52 44 80 22 93 19
7 61 32 68 31 89 10 7
7 99 47 55 7 17 79 37
7 29 97 86 42 95 8 55
7 89 90 27 26 25 97 17
7 51 66 52 20 37 9 75
7 32 77 26 29 73 79 27
7 45 14 31 32 100 80 33
7 58 57 38 7 37 83 68
7 68 20 73 47 46 69 88
7 43 32 41 41 84 34 71
7 5 34 91 83 11 19 30
7 45 34 56 37 100 25 93
7 62 63 4 95 55 31 79
7 16 82 16 93 69 98 62
7 39 19 97 69 60 64 15
7 80 54 49 64 55 95 49
7 26 32 6 77 22 56 68
7 32 16 32 59 51 6 14
7 71 77 91 59 64 1 30
7 62 84 61 79 63 21 95
7 92 59 79 14 52 19 72
7 42 53 8 61 38 64 13
7 22 32 48 96 5 17 3
7 16 85 90 37 89 74 61
7 23 14 25 65 55 8 25
7 73 27 23 88 61 28 90
7 17 54 62 44 24 48 81
7 58 9 7 3 77 81 67
7 97 92 21 82 100 39 37
7 63 21 6 42 92 32 29
7 97 37 90 18 17 64 66
0
