7 11 3 18 48 62 37 72
7 30 26 72 91 10 11 11
7 10 40 28 53 58 73 27
7 47 64 78 66 12 22 68
7 6 65 96 80 28 5 54
7 3 79 50 48 83 10 95
7 19 30 99 91 70 69 55
7 74 36 76 68 10 29 57
7 100 20 69 42 67 70 42
7 93 17 22 93 55 75 21
7 86 76 31 57 74 35 19
7 20 86 6 58 15 72 49
7 47 28 82 77 97 21 93
7 71 60 58 45 75 52 77
7 98 47 2 92 28 24 8
7 7 20 58 24 56 26 83
7 3 97 95 90 92 45 36
7 46 99 92 18 80 14 6
7 78 4 95 58 65 52 97
7 100 8 8 25 64 73 34
7 66 25 49 12 81 39 91
7 93 91 49 27 80 100 88
7 32 33 60 33 37 58 16
7 18 34 90 56 33 99 66
7 58 24 85 16 84 16 13
7 37 27 45 67 66 54 72
7 51 76 6 62 36 93 48
7 77 1 87 25 12 82 100
7 78 42 37 12 20 72 13
7 24 23 18 96 3 59 100
7 19 58 8 66 12 97 47
7 17 77 53 62 73 100 99
7 37 37 3 19 100 17 53
7 85 29 71 40 73 74 25
7 38 77 44 47 84 21 7
7 23 49 14 9 49 3 5
7 67 24 4 56 88 31 16
7 39 81 93 92 21 30 62
7 51 84 65 94 41 95 93
7 31 92 31 3 38 71 45
7 26 51 43 40 62 64 2
7 75 49 37 86 51 78 21
7 90 8 3 24 72 81 10
7 13 23 85 20 67 42 7
7 45 49 26 10 37 51 40
7 67 12 19 98 65 30 21
7 43 84 34 99 55 6 36
7 21 33 87 98 17 98 99
7 84 84 91 26 56 74 66
7 43 57 47 90 82 33 66
7 19 5 30 3 70 74 54
7 17 19 19 89 42 10 23
7 12 28 7 93 69 40 69
7 87 53 38 2 49 76 89
7 21 100 12 73 35 82 89
7 3 15 8 89 52 13 64
7 27 27 49 28 21 85 81
7 75 47 62 83 39 60 30
7 20 81 89 73 14 74 21
7 57 4 66 23 42 43 43
7 100 29 50 92 32 86 48
7 100 20 91 87 62 62 99
7 69 26 36 56 14 30 80
7 86 84 4 85 4 43 89
7 20 52 1 11 46 90 10
7 26 85 69 46 89 71 64
7 60 33 70 13 43 28 18
7 77 89 32 89 100 39 57
7 68 22 79 53 24 47 77
7 51 52 76 25 76 47 20
7 7 43 2 2 93 12 87
7 36 66 96 77 37 40 39
7 67 88 11 38 25 57 70
7 64 3 22 27 64 85 47
7 31 90 72 62 48 31 14
7 86 90 91 89 39 33 91
7 66 76 33 7 72 17 13
7 74 33 72 46 28 41 66
7 40 46 22 58 75 62 61
7 99 84 73 42 20 66 22
7 36 46 69 28 64 41 82
7 45 51 23 52 47 71 59
7 88 75 42 57 63 20 71
7 91 26 45 23 36 71 97
7 15 1 91 18 28 54 52
7 60 39 22 4 35 20 11
7 41 38 36 57 80 96 58
7 87 76 11 39 21 32 76
7 20 56 78 54 77 7 7
7 97 97 26 92 11 17 86
7 2 11 67 45 50 18 59
7 11 69 19 41 10 80 30
7 54 55 60 26 6 28 43
7 77 59 98 51 17 91 70
7 28 16 68 96 46 52 16
7 99 9 9 9 66 25 84
7 59 25 74 31 21 11 64
7 83 51 11 72 9 61 20
7 7 33 66 79 93 12 88
7 22 38 54 63 60 69 84
0
