7 85 68 58 4 40 61 50
7 71 48 43 26 67 49 53
7 5 20 85 48 30 89 38
7 97 98 11 70 30 3 97
7 8 33 83 38 12 58 21
7 90 29 92 24 41 50 20
7 51 10 94 27 36 7 68
7 29 97 57 56 2 71 44
7 5 81 69 37 72 4 10
7 1 17 8 77 57 64 58
7 41 47 68 78 11 77 32
7 60 55 49 36 33 49 89
7 50 81 24 92 22 35 52
7 75 61 60 54 18 57 94
7 60 87 90 70 68 58 69
7 73 57 54 98 4 81 4
7 93 50 3 78 81 7 30
7 71 13 36 87 57 12 94
7 59 28 36 28 32 27 23
7 24 93 82 70 45 31 23
7 71 92 75 85 30 18 46
7 18 13 42 60 8 85 92
7 84 85 37 1 78 53 5
7 86 98 50 88 24 29 14
7 30 82 27 3 17 4 40
7 3 76 23 5 95 11 81
7 50 36 30 27 53 50 40
7 78 21 82 76 51 74 34
7 43 68 31 47 70 68 78
7 30 91 51 52 79 70 6
7 11 56 33 89 72 11 85
7 53 2 8 42 36 35 34
7 58 1 83 28 54 77 39
7 52 65 67 79 60 37 69
7 87 73 21 19 65 21 9
7 93 75 8 66 37 45 12
7 33 55 13 94 91 39 91
7 77 99 65 61 94 12 10
7 32 90 43 38 17 76 89
7 90 10 71 85 18 94 36
7 20 57 88 56 66 4 89
7 38 30 8 44 8 99 91
7 30 49 14 39 31 78 48
7 71 51 82 52 55 80 72
7 67 19 65 31 15 95 80
7 34 50 10 46 33 16 73
7 3 17 7 92 77 88 52
7 40 77 74 46 56 8 64
7 49 82 93 86 93 68 73
7 76 73 64 81 29 7 26
7 88 73 80 74 88 100 73
7 59 6 28 66 91 22 29
7 44 64 69 37 10 66 78
7 59 29 30 49 88 79 85
7 47 40 2 11 8 91 59
7 47 10 66 39 36 17 77
7 10 2 41 35 78 55 77
7 63 51 25 99 57 17 92
7 41 83 88 88 49 53 88
7 13 88 2 88 57 66 25
7 80 24 47 59 7 54 52
7 52 20 49 4 50 21 49
7 40 11 83 87 53 24 1
7 14 93 100 43 5 27 32
7 44 21 21 87 43 99 95
7 93 27 55 89 92 94 19
7 70 4 60 20 24 74 53
7 26 46 76 53 99 9 55
7 57 71 26 65 22 26 52
7 90 42 35 10 39 99 69
7 89 95 92 49 35 3 39
7 64 21 36 25 57 47 50
7 57 99 81 88 96 49 63
7 47 19 91 34 56 76 87
7 38 47 90 28 79 38 94
7 50 76 35 90 46 73 98
7 50 97 92 63 60 46 19
7 25 74 37 25 32 90 72
7 81 93 60 96 9 75 100
7 63 29 52 80 62 56 26
7 67 42 49 61 72 37 22
7 79 16 11 17 80 34 87
7 12 40 24 12 31 95 100
7 40 38 19 58 20 45 77
7 62 2 20 38 59 72 40
7 52 74 66 96 74 9 80
7 73 64 95 62 88 89 29
7 53 94 59 7 50 30 97
7 56 46 80 57 97 45 82
7 47 80 64 79 39 90 83
7 70 7 56 91 73 33 31
7 94 62 49 88 1 30 58
7 1 39 72 7 81 92 62
7 88 15 7 36 91 42 46
7 27 30 7 5 52 55 93
7 46 65 76 29 60 81 76
7 37 85 9 43 37 46 52
7 89 58 15 99 67 49 57
7 70 56 40 10 58 97 49
7 22 3 25 3 67 27 47
0
