7 4 35 70 47 5 77 69
7 29 93 72 18 53 34 36
7 66 92 11 38 42 22 51
7 27 20 1 92 17 70 82
7 26 83 65 40 90 19 7
7 98 76 17 95 82 28 100
7 35 9 6 29 88 25 18
7 59 10 2 23 39 3 73
7 68 3 81 70 15 31 80
7 90 66 77 6 65 9 89
7 23 94 22 54 58 21 10
7 39 89 97 76 99 81 56
7 74 68 69 60 97 90 5
7 81 6 97 8 25 92 44
7 98 31 40 33 9 11 15
7 43 51 75 92 78 25 12
7 18 83 63 8 7 28 95
7 36 43 74 72 26 50 97
7 65 65 64 85 48 45 38
7 97 4 11 47 78 66 41
7 95 38 3 26 37 18 29
7 69 16 5 37 48 82 94
7 24 6 16 73 30 90 18
7 15 27 67 35 57 2 12
7 90 48 60 63 33 87 29
7 43 63 56 34 84 45 28
7 35 53 18 70 13 32 79
7 64 80 68 65 3 91 92
7 18 52 25 52 12 56 36
7 10 66 44 85 52 21 58
7 6 29 19 17 64 29 55
7 55 73 93 56 90 55 16
7 87 16 76 77 8 36 73
7 86 69 10 18 26 83 71
7 100 35 52 47 82 55 14
7 64 57 34 41 64 70 73
7 66 18 35 45 87 18 83
7 9 64 11 60 6 57 39
7 99 67 60 90 77 46 70
7 95 8 23 85 49 34 34
7 52 77 96 67 34 2 43
7 46 61 78 19 53 11 19
7 60 40 81 46 18 8 48
7 95 82 36 97 71 6 24
7 52 32 7 19 56 19 93
7 4 71 84 57 41 90 79
7 8 73 81 54 38 97 11
7 96 15 18 83 64 37 81
7 60 99 44 59 52 40 19
7 64 61 98 91 56 10 61
7 51 78 80 73 54 45 60
7 53 62 24 92 96 26 45
7 63 18 19 65 42 97 56
7 100 61 67 92 5 88 28
7 53 14 2 66 2 59 84
7 21 82 92 87 4 24 44
7 32 50 32 88 57 38 64
7 13 33 76 44 43 62 75
7 24 15 95 28 3 39 68
7 53 9 82 26 83 83 55
7 16 7 3 47 68 55 56
7 40 31 26 35 71 23 41
7 71 7 92 66 72 48 11
7 83 54 91 32 59 94 33
7 50 73 21 97 3 34 37
7 24 26 82 86 64 9 79
7 33 57 10 38 74 33 58
7 86 35 42 76 83 57 77
7 33 24 7 22 16 18 9
7 19 17 29 40 100 39 44
7 71 9 86 44 79 38 5
7 39 72 68 37 72 91 24
7 47 87 16 38 35 67 13
7 96 80 55 66 41 94 55
7 69 57 56 96 93 71 91
7 47 90 86 36 18 61 45
7 12 72 66 22 94 56 71
7 86 63 42 44 3 75 10
7 80 75 41 38 91 72 79
7 67 83 74 48 51 21 69
7 58 18 33 100 36 90 97
7 52 75 61 47 32 81 88
7 7 95 63 99 68 12 26
7 44 59 74 33 43 82 5
7 91 87 59 100 61 60 88
7 48 16 38 76 42 56 11
7 11 93 52 12 92 61 93
7 64 80 8 14 27 74 70
7 91 11 84 24 63 17 19
7 33 36 50 31 78 41 36
7 86 32 43 17 56 5 40
7 64 5 19 42 84 94 45
7 93 77 2 100 23 64 44
7 21 30 51 14 82 79 16
7 97 26 27 84 72 23 22
7 95 88 83 39 2 67 79
7 92 68 34 61 38 67 3
7 8 19 72 18 42 32 35
7 52 58 18 40 67 92 57
7 74 55 42 7 94 1 80
0
