7 2 39 93 4 45 74 86
7 21 90 53 43 35 85 47
7 98 36 98 59 20 45 17
7 97 8 55 79 17 72 5
7 40 45 86 44 40 36 21
7 62 95 18 28 84 36 87
7 12 83 3 88 93 42 80
7 40 4 51 60 60 20 39
7 62 91 22 100 15 65 80
7 82 66 27 25 73 8 87
7 35 7 77 69 51 58 12
7 75 26 61 25 46 70 76
7 7 63 87 46 58 18 28
7 75 42 25 77 15 27 41
7 90 78 74 61 43 34 96
7 3 20 14 15 81 17 69
7 9 21 15 29 22 6 41
7 14 98 19 57 86 27 37
7 47 86 21 50 60 71 23
7 44 69 16 66 29 63 45
7 2 25 99 13 45 65 50
7 44 49 40 95 39 38 74
7 58 42 13 18 78 17 40
7 69 2 54 97 90 100 6
7 95 71 31 79 48 20 47
7 54 81 6 61 55 84 13
7 60 23 51 32 63 30 72
7 32 28 69 17 84 42 90
7 98 80 60 36 61 64 57
7 98 69 93 93 24 40 87
7 58 73 55 29 49 20 85
7 79 95 33 11 33 99 41
7 91 74 58 91 92 64 58
7 33 15 90 21 79 64 92
7 86 50 67 46 58 50 50
7 86 24 34 15 27 96 61
7 32 19 22 27 75 70 71
7 57 77 57 81 54 79 91
7 79 19 83 98 92 37 77
7 89 89 74 97 13 19 99
7 10 86 4 42 6 18 61
7 28 45 49 13 88 24 76
7 45 63 45 92 71 52 25
7 82 17 61 91 82 27 94
7 49 88 42 44 5 67 16
7 70 41 73 81 95 24 28
7 59 1 21 44 30 71 54
7 9 4 80 14 100 21 29
7 28 31 31 100 12 74 23
7 40 5 78 43 10 29 44
7 29 94 4 81 82 79 35
7 93 29 79 30 10 19 70
7 98 21 30 94 97 13 78
7 18 43 52 100 85 37 78
7 83 23 34 23 41 46 94
7 5 26 65 100 24 25 42
7 92 11 68 31 49 29 30
7 40 85 64 72 47 79 41
7 64 28 14 1 62 32 40
7 96 2 42 66 68 99 89
7 95 65 26 50 77 84 22
7 13 63 42 20 18 89 16
7 37 43 26 82 23 61 80
7 65 33 13 18 40 27 88
7 75 6 77 42 12 86 96
7 16 88 77 67 70 48 19
7 9 65 52 37 80 78 5
7 73 26 15 98 11 92 82
7 43 81 16 53 78 43 39
7 89 19 73 36 75 45 22
7 45 48 64 57 92 97 7
7 55 63 24 97 93 80 95
7 100 35 95 99 64 6 57
7 80 30 67 19 16 44 54
7 5 17 22 50 61 93 51
7 14 37 13 42 69 24 14
7 28 27 1 8 87 33 5
7 80 86 44 67 74 20 69
7 10 25 83 68 36 7 28
7 75 75 36 17 34 80 14
7 44 73 51 79 28 58 2
7 36 86 45 43 66 77 82
7 73 11 87 15 67 14 4
7 59 15 85 90 55 98 37
7 50 31 65 24 77 2 30
7 18 67 31 9 53 59 71
7 97 48 49 45 87 82 88
7 43 49 5 27 4 40 30
7 57 16 48 20 98 44 41
7 82 54 71 76 1 23 40
7 72 27 75 39 47 6 78
7 7 73 92 26 63 99 41
7 20 6 86 91 24 4 91
7 2 73 90 11 45 23 77
7 40 75 58 64 47 31 72
7 9 12 56 64 11 92 57
7 46 49 38 50 99 38 10
7 99 69 96 44 73 23 75
7 88 100 35 33 11 73 2
7 84 72 33 98 72 42 98
0
