7 7 31 63 52 39 98 70
7 89 4 95 67 11 8 88
7 67 71 29 47 3 32 23
7 69 28 89 29 11 33 37
7 72 82 95 88 88 83 31
7 10 46 6 23 8 23 41
7 53 43 78 100 75 51 61
7 49 8 77 22 74 1 93
7 93 78 93 50 87 93 100
7 59 61 87 62 11 51 97
7 40 49 8 77 16 63 66
7 56 21 53 24 5 47 51
7 89 96 36 91 9 12 81
7 84 42 10 56 85 91 80
7 2 82 45 91 54 79 19
7 34 93 42 25 72 13 65
7 47 100 72 25 31 39 14
7 9 85 49 52 97 90 62
7 33 52 31 62 38 48 44
7 44 25 62 21 57 18 100
7 99 79 95 84 24 73 60
7 40 65 62 27 18 24 46
7 26 15 38 47 85 71 7
7 47 43 61 89 100 93 42
7 100 9 2 87 19 99 11
7 68 100 28 34 51 90 31
7 79 47 96 22 31 39 3
7 74 33 18 17 33 79 4
7 68 14 2 83 1 10 82
7 25 6 62 96 91 48 94
7 99 3 55 13 81 34 92
7 10 11 36 20 75 49 70
7 39 80 12 34 36 16 7
7 26 17 49 48 95 59 66
7 35 44 86 6 9 72 11
7 35 63 41 56 29 79 79
7 62 10 12 1 90 67 54
7 71 78 24 73 69 46 21
7 83 8 42 29 52 71 8
7 37 66 46 95 87 31 98
7 40 67 98 88 100 94 76
7 61 99 86 3 90 41 80
7 64 6 25 71 43 41 9
7 52 75 20 44 50 46 92
7 75 67 42 43 40 41 61
7 42 47 69 99 8 81 86
7 69 68 17 38 44 24 55
7 22 81 26 65 55 67 75
7 24 98 35 26 70 100 83
7 51 8 6 31 18 63 86
7 78 24 31 58 3 61 52
7 83 100 83 66 22 71 42
7 89 74 2 89 27 99 87
7 86 48 26 47 90 83 7
7 40 36 11 52 64 12 63
7 79 42 60 47 43 77 43
7 68 100 40 14 22 37 38
7 17 40 12 9 82 2 73
7 79 56 15 67 8 75 27
7 76 67 72 67 96 81 22
7 93 26 39 73 47 3 69
7 74 75 4 48 38 57 18
7 61 99 40 9 12 30 96
7 66 55 20 89 19 97 77
7 17 9 40 6 92 76 94
7 51 1 68 76 65 9 39
7 91 82 64 32 20 60 45
7 46 85 19 32 21 86 55
7 38 71 95 5 92 55 75
7 22 60 77 90 59 4 22
7 16 20 19 77 45 44 87
7 99 73 58 33 4 89 62
7 36 100 24 43 12 49 45
7 94 99 38 74 8 86 33
7 34 64 18 49 97 67 51
7 92 28 5 13 21 84 1
7 2 74 35 97 4 73 22
7 65 75 53 94 83 16 100
7 50 68 41 3 23 46 50
7 10 39 25 21 50 25 87
7 38 37 9 52 29 22 80
7 47 8 74 2 29 54 71
7 24 36 70 59 70 19 58
7 61 97 1 35 16 23 23
7 22 73 72 64 22 4 9
7 8 33 62 100 1 20 71
7 46 50 46 91 1 53 9
7 71 71 65 85 57 16 49
7 71 48 40 5 70 27 28
7 66 24 61 71 61 51 60
7 74 9 68 71 2 93 98
7 92 26 62 37 7 79 38
7 9 48 39 75 73 1 3
7 62 52 69 54 75 62 29
7 28 54 10 54 36 21 61
7 74 36 86 27 4 63 44
7 58 67 64 29 46 91 96
7 65 97 52 74 39 100 39
7 91 30 27 35 42 60 51
7 65 52 79 89 1 74 4
0
