7 68 14 59 41 67 55 78
7 78 45 44 61 25 78 16
7 67 40 79 85 84 12 35
7 43 79 15 93 21 99 57
7 69 91 59 20 94 49 91
7 63 70 37 35 55 34 52
7 3 90 18 21 37 96 1
7 99 24 35 86 54 94 78
7 6 18 1 74 90 8 15
7 22 76 86 27 45 46 2
7 5 42 52 15 45 36 56
7 28 13 20 29 29 54 80
7 8 91 68 22 66 92 13
7 26 2 25 79 45 19 62
7 43 75 11 32 55 60 24
7 37 13 15 40 8 82 47
7 96 7 69 84 53 31 43
7 78 42 31 88 58 78 62
7 74 38 23 35 51 86 17
7 98 81 64 5 93 77 92
7 22 65 24 3 37 52 34
7 6 33 61 77 52 81 7
7 55 4 59 93 68 20 35
7 18 94 28 81 81 84 63
7 32 5 82 65 10 88 83
7 89 33 30 13 14 8 21
7 22 38 52 39 59 58 55
7 36 18 89 67 55 13 91
7 77 56 79 9 100 16 40
7 80 92 16 100 28 99 55
7 53 92 62 44 44 56 23
7 73 99 71 8 87 38 10
7 56 58 4 41 62 16 54
7 13 62 53 90 80 12 2
7 70 6 92 33 59 20 88
7 13 57 51 1 91 33 83
7 36 25 22 18 54 6 59
7 12 20 99 62 96 1 89
7 25 5 30 93 33 80 39
7 2 28 27 40 73 48 91
7 71 3 31 18 53 58 30
7 87 28 5 58 63 47 60
7 9 46 94 69 2 67 18
7 50 69 78 37 75 70 55
7 71 55 70 44 16 59 27
7 24 22 95 20 66 67 34
7 24 26 71 45 81 11 100
7 99 42 78 52 80 23 15
7 13 4 53 14 85 7 17
7 57 52 84 57 25 70 75
7 66 42 54 24 6 42 49
7 46 10 22 56 60 44 11
7 44 15 10 19 56 25 19
7 35 42 2 83 95 65 98
7 19 10 51 79 55 8 70
7 85 96 69 7 35 34 67
7 82 16 58 53 98 12 26
7 96 62 58 22 62 19 27
7 40 53 24 97 59 94 8
7 30 72 64 78 27 85 49
7 46 17 51 76 97 51 94
7 51 83 30 48 64 98 87
7 3 59 98 19 46 68 24
7 89 6 13 44 4 64 18
7 39 59 75 13 55 96 48
7 87 5 65 86 39 13 42
7 39 40 88 3 78 87 72
7 65 39 52 42 10 72 39
7 45 54 47 77 48 85 36
7 29 28 26 46 24 27 30
7 78 21 97 19 95 79 65
7 76 14 48 78 18 58 73
7 33 19 93 32 86 3 45
7 82 78 53 57 25 98 86
7 4 81 3 61 92 19 47
7 53 89 74 81 36 65 20
7 30 16 71 74 78 22 48
7 56 19 60 10 88 8 71
7 86 97 14 61 58 83 64
7 64 82 42 60 97 11 61
7 95 29 89 34 58 66 23
7 68 80 5 63 36 87 32
7 27 32 27 75 30 61 94
7 73 96 69 39 61 9 23
7 54 94 19 19 28 41 55
7 46 20 37 65 34 61 78
7 36 86 4 35 55 6 38
7 49 51 14 72 9 23 5
7 51 29 77 49 79 33 13
7 46 75 1 51 68 98 60
7 53 89 93 91 7 16 37
7 42 11 49 58 20 71 63
7 58 86 85 76 65 61 34
7 88 25 77 75 63 1 85
7 24 80 82 48 96 49 17
7 45 54 61 22 60 66 66
7 31 86 47 8 58 27 53
7 78 84 7 60 100 17 78
7 95 65 37 53 71 47 14
7 7 97 33 45 52 15 49
0
