7 11 74 52 57 44 65 62
7 25 99 89 76 22 73 80
7 50 45 8 73 56 18 4
7 65 8 28 25 40 12 46
7 36 48 95 37 40 15 85
7 65 1 63 62 74 16 15
7 16 77 91 24 93 23 88
7 1 6 30 57 33 59 38
7 2 72 57 60 58 65 18
7 27 29 67 85 51 43 66
7 29 55 39 14 60 11 23
7 39 93 7 63 99 74 23
7 81 33 92 99 79 18 17
7 11 44 75 32 13 2 31
7 21 19 34 71 40 25 43
7 12 92 43 92 29 29 68
7 48 38 99 35 23 64 38
7 86 83 87 3 6 54 34
7 21 50 91 66 40 80 89
7 14 23 75 67 72 49 26
7 11 57 23 37 66 31 89
7 22 32 24 99 32 77 70
7 79 9 35 73 36 1 13
7 29 43 67 25 95 82 60
7 13 51 13 59 11 17 29
7 60 19 60 85 34 64 71
7 100 59 47 15 21 6 76
7 42 14 25 70 55 80 84
7 45 78 32 6 36 99 51
7 3 29 11 48 45 26 60
7 26 53 57 91 4 29 24
7 35 94 63 68 48 67 63
7 35 81 45 6 50 79 50
7 45 12 28 40 54 49 65
7 99 86 62 44 100 35 34
7 94 70 24 28 45 33 28
7 4 54 22 36 8 53 38
7 62 27 34 40 43 93 97
7 38 4 58 61 72 48 25
7 46 55 82 45 69 5 70
7 19 57 62 55 83 29 17
7 49 1 86 29 24 81 42
7 2 5 91 30 88 8 20
7 92 89 24 14 14 92 15
7 19 76 34 82 29 80 86
7 78 66 33 6 24 47 9
7 96 31 79 13 19 68 93
7 100 78 7 52 26 47 41
7 9 43 74 77 83 87 97
7 17 26 78 72 65 20 30
7 70 71 40 1 46 8 34
7 61 64 27 73 82 72 76
7 62 24 14 99 41 89 61
7 66 49 14 26 13 66 98
7 92 9 22 72 29 21 97
7 71 83 71 17 24 57 42
7 66 44 47 8 1 91 50
7 66 96 65 61 31 26 97
7 76 39 93 56 62 62 4
7 63 70 11 59 85 44 95
7 5 20 42 81 40 95 10
7 15 34 66 62 38 5 50
7 67 92 30 64 24 28 59
7 20 91 96 48 43 26 11
7 88 18 36 53 90 74 71
7 100 47 14 74 92 100 8
7 99 19 96 97 42 36 36
7 66 90 15 92 31 78 10
7 89 56 61 14 90 71 43
7 12 43 58 67 47 8 46
7 45 36 60 1 97 10 41
7 8 3 88 77 21 78 52
7 12 1 67 73 97 41 59
7 85 63 51 26 13 88 12
7 71 63 25 30 29 3 33
7 72 64 58 96 94 4 87
7 76 87 12 15 51 93 3
7 89 29 96 28 35 61 27
7 3 56 18 4 83 59 83
7 43 65 69 56 31 4 43
7 85 57 15 11 74 1 19
7 44 89 63 89 29 12 67
7 3 84 58 42 28 13 33
7 22 39 19 86 16 2 89
7 8 56 56 5 56 53 95
7 1 62 88 20 36 34 95
7 49 66 90 76 62 44 8
7 96 77 47 12 46 23 7
7 70 77 11 15 82 8 45
7 44 93 2 61 68 33 90
7 11 97 94 66 95 27 4
7 1 78 31 69 54 92 71
7 63 47 22 91 51 71 100
7 1 77 52 7 92 60 93
7 68 22 47 64 100 13 94
7 8 100 54 38 59 22 2
7 15 95 51 92 12 83 9
7 11 6 81 61 5 6 98
7 89 98 89 50 60 32 23
7 2 42 51 88 28 11 24
0
