7 47 46 65 31 57 20 29
7 63 96 8 84 12 41 7
7 63 59 1 39 1 8 97
7 51 97 73 41 68 39 67
7 73 10 36 48 44 54 82
7 44 62 72 27 12 26 83
7 19 92 89 34 25 21 37
7 79 53 100 54 59 8 98
7 62 57 1 57 42 47 16
7 56 80 83 46 48 40 31
7 52 27 91 49 77 9 83
7 2 91 85 74 93 58 93
7 33 87 51 95 18 23 8
7 54 33 10 10 17 32 49
7 17 27 46 74 80 27 62
7 100 47 26 81 61 45 27
7 49 91 44 43 6 93 17
7 68 68 69 34 64 75 59
7 30 46 71 95 15 73 23
7 44 95 28 28 29 69 95
7 52 50 68 33 30 88 46
7 11 18 56 83 8 16 26
7 41 73 85 23 80 9 58
7 63 15 38 33 45 69 8
7 4 8 3 32 21 2 67
7 77 44 55 22 15 59 17
7 7 39 19 32 59 12 93
7 89 49 3 52 95 86 71
7 71 98 75 1 64 96 33
7 2 6 51 26 51 44 74
7 6 37 78 36 28 91 69
7 41 77 57 37 6 64 67
7 50 61 100 19 13 63 32
7 100 68 95 50 12 49 93
7 22 100 61 47 79 63 32
7 63 6 10 41 94 38 92
7 83 81 21 7 4 67 77
7 77 47 87 93 36 17 12
7 99 73 8 86 46 92 100
7 47 16 99 7 24 18 5
7 76 79 21 1 53 15 9
7 20 49 26 17 95 45 2
7 1 78 67 26 24 7 97
7 61 6 55 4 91 27 16
7 25 99 82 99 41 76 21
7 69 93 19 98 41 65 74
7 95 77 23 57 4 90 5
7 83 85 77 67 15 82 40
7 26 73 54 31 28 98 9
7 49 9 13 55 67 81 65
7 62 55 65 96 72 37 9
7 55 78 7 75 9 97 7
7 85 18 59 24 21 10 42
7 30 14 24 64 67 7 54
7 43 54 100 82 33 98 45
7 81 92 16 47 8 11 2
7 10 22 57 86 49 50 8
7 55 86 61 87 91 53 82
7 13 76 20 39 89 96 77
7 13 17 1 64 64 3 95
7 37 69 40 31 22 72 69
7 48 34 1 5 4 20 44
7 81 80 95 14 87 65 79
7 11 84 64 2 98 68 25
7 55 80 24 5 23 13 56
7 85 86 4 37 55 3 66
7 51 68 92 74 99 51 30
7 72 58 2 5 52 37 95
7 58 94 57 70 89 97 85
7 50 49 97 24 37 43 70
7 17 34 42 78 61 70 73
7 75 98 27 8 91 6 38
7 74 48 12 23 77 72 49
7 23 46 34 92 70 99 40
7 34 11 100 98 96 29 78
7 47 67 55 20 78 22 80
7 80 91 92 50 97 53 33
7 6 62 69 27 9 20 45
7 82 25 50 50 4 82 85
7 32 3 60 23 57 97 39
7 89 68 95 91 1 45 59
7 42 22 57 99 30 91 8
7 35 60 24 36 14 11 24
7 48 6 23 60 55 26 91
7 73 83 4 58 39 14 72
7 10 57 40 60 97 2 33
7 100 81 71 2 53 75 17
7 48 30 45 90 26 70 38
7 87 89 45 63 55 81 75
7 15 10 30 15 95 31 64
7 49 12 77 1 42 50 30
7 14 46 83 48 29 48 90
7 68 42 94 2 94 52 71
7 54 47 24 94 27 11 89
7 18 100 63 18 96 86 22
7 57 38 34 84 24 93 64
7 16 72 1 94 39 86 13
7 80 58 6 58 66 44 63
7 86 69 62 15 45 3 57
7 5 89 73 22 77 55 99
0
