8 81 12 15 47 99 11 35 78
8 29 26 17 4 99 74 85 83
8 91 51 70 32 17 32 24 60
8 26 15 100 98 73 71 12 33
8 87 84 78 62 88 2 73 92
8 59 3 39 64 48 15 4 79
8 26 54 72 55 20 9 7 7
8 61 61 9 76 43 21 52 53
8 21 22 35 37 81 30 87 9
8 25 23 61 12 9 82 30 4
8 3 85 14 80 44 37 100 19
8 82 92 60 5 8 66 70 75
8 49 79 39 9 13 3 47 85
8 18 90 26 39 23 51 1 77
8 44 68 32 36 77 71 9 16
8 45 33 28 25 31 16 66 32
8 84 94 77 54 1 85 74 100
8 52 61 74 15 85 31 39 34
8 34 52 46 35 32 77 90 2
8 19 35 85 38 62 46 36 54
8 7 84 25 36 48 79 55 26
8 22 43 65 85 16 84 17 59
8 86 92 41 4 29 78 73 37
8 18 54 39 86 94 99 95 19
8 28 100 63 14 51 67 92 95
8 100 61 72 52 88 31 35 52
8 98 41 40 12 87 65 24 94
8 67 47 95 38 29 41 24 26
8 61 94 96 65 93 99 39 12
8 2 90 25 53 40 35 60 82
8 36 78 59 62 83 4 68 7
8 27 53 32 77 59 98 47 35
8 16 82 67 16 7 85 9 35
8 31 54 83 32 72 82 33 59
8 66 43 55 4 60 41 93 74
8 72 13 62 44 15 99 36 94
8 15 42 88 36 9 79 26 2
8 53 42 39 100 77 63 35 65
8 42 25 79 76 62 97 47 18
8 96 98 14 99 34 12 78 11
8 28 99 68 49 14 34 93 100
8 87 41 63 98 90 77 7 47
8 58 75 91 22 71 61 42 15
8 73 36 71 9 55 17 35 31
8 81 31 33 90 66 86 64 53
8 37 32 82 42 72 38 56 53
8 60 94 3 31 100 91 81 9
8 40 56 5 87 7 26 13 44
8 32 41 29 52 2 95 65 50
8 91 62 32 71 27 76 97 99
8 51 53 76 55 8 52 13 1
8 90 17 8 33 37 63 17 60
8 15 26 44 15 74 5 81 81
8 49 68 9 78 46 13 81 82
8 18 60 37 90 21 87 78 97
8 22 64 69 26 98 16 26 58
8 69 13 100 58 61 72 48 84
8 79 32 2 51 78 35 61 96
8 19 92 62 95 15 82 15 87
8 75 60 3 95 5 92 50 50
8 57 63 7 66 47 24 97 65
8 49 49 50 77 90 75 1 27
8 21 92 76 31 7 12 42 58
8 3 53 14 12 95 33 91 80
8 97 19 1 71 22 57 5 66
8 36 96 98 29 94 53 64 30
8 87 5 18 69 12 85 45 10
8 80 28 83 68 36 93 22 77
8 76 77 96 32 55 26 4 90
8 6 47 20 59 76 25 96 41
8 95 30 24 79 11 68 9 59
8 16 8 8 44 19 50 82 39
8 58 62 46 90 52 9 6 14
8 84 78 2 14 65 82 91 80
8 44 79 14 86 24 98 25 17
8 82 78 95 32 88 22 61 88
8 47 73 38 29 73 92 11 72
8 90 48 88 19 28 18 98 23
8 26 45 65 65 46 52 83 81
8 2 53 96 71 32 10 97 99
8 90 66 72 60 26 88 90 30
8 56 5 56 74 14 92 68 19
8 57 99 36 90 5 20 1 45
8 15 46 37 94 43 74 7 40
8 73 34 1 96 97 77 28 74
8 11 98 64 34 94 11 27 86
8 65 98 3 78 18 51 4 23
8 95 44 52 57 44 94 91 43
8 19 1 72 13 85 64 9 30
8 13 54 83 32 10 57 53 2
8 78 89 87 40 61 69 56 82
8 33 43 5 99 79 98 5 93
8 28 26 33 54 76 31 9 65
8 79 81 1 100 90 80 75 50
8 96 57 7 69 49 30 9 46
8 45 80 66 45 82 6 20 88
8 4 17 56 60 78 6 12 55
8 26 84 99 29 99 49 29 42
8 23 72 43 41 43 70 86 19
8 71 74 89 14 94 49 98 18
0
