8 3 58 74 91 48 3 57 53
8 56 91 52 28 12 49 19 30
8 71 89 23 56 34 93 60 58
8 23 13 65 96 21 57 97 78
8 93 50 54 42 17 89 69 5
8 87 56 32 60 78 50 64 91
8 56 89 64 37 83 90 31 81
8 13 58 54 60 95 61 97 72
8 86 89 32 86 6 92 72 69
8 9 21 36 98 1 21 29 59
8 54 15 97 60 25 7 43 22
8 17 45 85 45 43 76 64 84
8 99 94 53 55 71 55 25 44
8 8 50 94 50 64 61 90 28
8 85 24 30 71 29 42 87 16
8 91 28 21 81 2 35 12 22
8 74 49 8 16 51 7 6 34
8 26 74 81 36 19 84 3 53
8 73 10 63 96 82 85 21 83
8 15 1 10 45 76 71 74 23
8 32 58 81 26 55 73 57 95
8 97 5 78 63 79 49 35 18
8 90 100 81 60 53 98 55 43
8 33 12 48 40 15 34 74 97
8 29 10 44 20 74 71 79 51
8 47 20 14 84 100 75 8 55
8 41 31 95 62 21 30 54 89
8 25 16 24 8 78 65 88 78
8 1 37 62 3 52 2 96 83
8 98 10 2 10 1 84 16 28
8 28 34 73 27 3 21 21 15
8 27 13 9 74 39 52 60 49
8 17 10 86 63 3 90 3 65
8 9 88 34 54 99 62 84 74
8 40 10 12 27 95 99 82 35
8 35 68 68 73 22 87 25 94
8 63 29 24 24 20 67 6 51
8 87 73 92 32 81 43 59 3
8 38 6 47 93 84 4 99 92
8 49 32 87 7 68 73 80 65
8 32 27 45 89 2 25 23 20
8 42 41 18 88 12 21 59 5
8 60 94 58 34 10 72 9 34
8 54 42 24 69 37 68 41 23
8 5 27 40 19 50 92 87 16
8 85 85 91 33 59 41 70 15
8 27 87 6 42 50 23 20 81
8 100 45 30 82 4 75 75 6
8 76 29 41 1 91 100 69 43
8 96 44 63 64 7 43 29 97
8 8 64 29 12 92 84 23 17
8 52 1 98 67 13 73 8 96
8 27 82 100 48 34 52 31 25
8 26 59 63 32 3 3 60 68
8 41 82 57 93 99 1 48 38
8 7 19 26 52 2 59 50 100
8 92 37 46 92 74 94 75 39
8 65 73 89 94 20 1 54 94
8 76 52 34 61 68 28 53 29
8 71 14 16 4 84 14 58 94
8 81 99 26 53 5 36 46 84
8 100 26 44 78 62 21 57 53
8 43 38 22 23 42 87 63 81
8 93 63 76 88 61 28 63 2
8 24 91 32 58 75 75 52 79
8 83 91 41 11 52 26 11 27
8 72 33 99 28 5 12 5 14
8 90 5 52 20 97 58 39 36
8 91 86 32 43 85 20 84 82
8 46 47 6 74 26 42 61 94
8 85 8 100 27 71 96 33 60
8 96 60 46 36 59 96 60 13
8 28 35 59 86 99 61 36 37
8 73 99 10 23 45 39 98 85
8 68 72 42 82 85 23 53 23
8 17 49 33 55 24 18 39 39
8 65 18 100 81 92 55 46 98
8 16 34 85 69 97 15 68 85
8 80 84 99 70 54 17 26 95
8 11 55 18 5 7 84 84 16
8 52 56 44 57 96 90 79 46
8 19 80 76 89 13 60 89 24
8 100 88 9 50 56 70 96 89
8 76 59 95 56 5 78 71 23
8 91 68 21 9 12 21 82 54
8 46 38 25 3 81 99 50 88
8 46 89 80 8 87 70 71 36
8 46 4 14 54 62 7 15 16
8 29 6 13 54 92 46 25 9
8 49 23 50 54 75 68 99 71
8 89 74 26 25 20 85 30 52
8 67 99 22 59 33 21 1 95
8 22 43 47 36 43 32 22 39
8 96 88 83 27 32 23 63 11
8 88 84 9 25 50 86 18 65
8 78 34 20 1 2 50 37 53
8 25 66 60 42 74 54 82 88
8 63 96 31 30 26 80 60 11
8 73 34 56 79 78 63 23 7
8 94 92 63 18 74 20 83 84
0
