8 44 40 3 49 32 18 1 96
8 47 16 85 78 69 39 48 31
8 91 80 28 72 88 6 1 26
8 85 74 47 82 24 25 79 70
8 10 24 12 1 50 42 19 79
8 10 87 88 20 40 88 20 96
8 54 87 23 39 95 56 11 54
8 34 71 8 50 77 90 56 42
8 91 55 19 81 87 3 15 18
8 57 57 69 12 44 42 12 88
8 10 30 31 37 99 22 15 60
8 84 44 59 38 41 23 11 48
8 35 32 73 22 64 2 2 36
8 32 15 34 25 9 59 35 29
8 47 74 7 82 1 46 3 79
8 41 51 75 50 75 64 84 64
8 86 15 64 92 8 17 68 52
8 44 12 66 8 89 1 58 41
8 37 10 12 9 85 1 35 59
8 36 47 76 53 96 45 19 51
8 20 1 55 78 76 25 33 61
8 11 88 29 32 35 6 57 42
8 4 83 29 28 98 39 53 72
8 57 9 63 16 51 62 51 59
8 85 69 3 57 60 50 56 32
8 58 72 52 39 53 60 36 83
8 80 76 18 64 61 60 99 78
8 100 44 78 7 41 26 65 30
8 5 88 50 92 50 91 59 58
8 2 87 42 63 31 100 39 53
8 93 33 75 68 25 83 35 30
8 21 77 55 29 33 87 25 43
8 36 85 59 29 33 26 44 4
8 97 90 79 32 18 38 1 78
8 43 87 13 58 39 2 35 58
8 72 66 18 43 76 59 47 2
8 74 16 94 74 63 34 72 52
8 41 4 16 71 98 78 95 12
8 98 29 59 31 94 32 91 8
8 17 50 61 4 85 36 67 35
8 51 14 36 3 44 50 10 76
8 56 50 83 76 34 8 41 41
8 34 35 61 42 59 80 61 63
8 64 67 10 97 5 16 72 74
8 27 26 51 73 62 48 8 19
8 12 99 7 19 46 28 39 91
8 11 22 68 76 37 35 39 47
8 53 61 89 98 15 52 19 84
8 90 29 66 48 10 94 12 29
8 3 99 89 55 83 17 57 57
8 21 33 70 77 41 54 54 84
8 64 64 72 47 44 65 4 95
8 77 86 6 88 58 29 63 62
8 75 63 34 9 45 13 26 15
8 21 29 9 4 58 31 30 90
8 33 5 53 87 47 73 47 77
8 62 45 9 48 38 21 57 95
8 63 6 11 72 55 98 15 34
8 9 73 49 22 1 67 19 50
8 92 4 35 99 5 13 3 61
8 86 7 82 93 53 10 69 38
8 62 45 40 77 70 94 96 52
8 74 74 16 7 54 58 44 43
8 17 35 90 46 50 4 1 99
8 77 92 65 62 16 56 28 73
8 74 7 19 76 89 11 100 47
8 80 99 64 30 80 44 78 52
8 85 37 55 73 85 48 1 35
8 8 34 98 69 54 27 91 3
8 30 4 98 1 33 62 5 86
8 84 32 80 60 99 25 73 19
8 10 75 25 56 46 40 87 66
8 25 15 98 87 84 67 39 96
8 89 37 12 39 57 23 5 69
8 40 74 37 5 72 36 73 83
8 29 59 100 71 62 7 23 86
8 42 35 68 15 29 28 71 100
8 21 49 69 18 98 58 93 88
8 78 44 82 4 39 95 82 65
8 58 77 68 1 53 67 92 1
8 57 9 37 47 42 77 46 84
8 57 13 18 72 47 43 45 35
8 80 35 19 22 83 97 67 87
8 14 59 46 18 70 38 15 74
8 35 61 31 100 50 56 47 54
8 61 64 37 63 93 14 80 95
8 24 98 36 47 41 85 21 39
8 99 68 9 52 22 54 84 61
8 29 100 64 21 46 67 51 8
8 1 78 89 32 68 55 72 54
8 12 45 9 18 40 44 36 72
8 46 81 77 25 64 53 19 66
8 37 21 68 83 74 47 34 61
8 25 84 19 6 95 98 75 18
8 50 97 63 84 77 75 16 1
8 40 32 87 46 8 36 20 69
8 21 60 89 66 57 57 11 89
8 25 21 73 90 50 86 26 38
8 88 61 17 80 75 20 40 33
8 31 5 14 98 76 51 14 59
0
