8 60 14 73 69 47 87 60 20
8 17 38 86 60 62 41 36 46
8 52 30 60 76 43 72 54 33
8 89 26 6 42 21 26 62 18
8 97 62 71 77 41 82 67 82
8 69 34 42 35 83 77 15 98
8 16 11 43 10 100 27 80 42
8 48 78 35 70 2 57 56 100
8 54 17 31 90 27 74 17 100
8 73 45 54 8 8 95 49 74
8 94 64 30 30 7 57 42 37
8 94 94 82 69 37 75 15 44
8 2 10 10 16 48 59 5 96
8 33 12 80 63 45 60 95 99
8 69 38 69 37 19 2 62 52
8 74 72 30 40 22 74 57 98
8 12 58 71 74 5 48 85 88
8 93 46 26 31 47 46 77 92
8 69 36 36 63 25 69 74 37
8 63 96 39 11 14 61 20 38
8 42 28 50 8 1 35 91 7
8 69 40 88 45 50 50 71 73
8 53 11 20 16 36 44 15 3
8 71 41 46 29 84 83 97 21
8 59 72 68 20 52 99 52 37
8 37 65 57 97 53 36 60 74
8 95 74 64 63 97 25 17 10
8 72 59 73 35 33 65 8 97
8 63 63 91 96 36 23 32 98
8 69 9 48 6 69 63 5 55
8 50 85 25 61 88 54 40 51
8 88 99 70 53 85 76 28 68
8 70 96 13 80 78 4 3 87
8 26 13 68 29 17 57 78 44
8 98 5 45 9 60 33 48 100
8 54 36 77 90 35 98 71 25
8 11 100 70 62 17 75 44 58
8 38 89 10 58 38 33 95 17
8 23 85 50 60 65 83 92 51
8 82 58 52 87 27 88 7 8
8 56 9 8 72 82 10 80 37
8 10 87 92 16 39 50 87 55
8 73 66 92 26 20 32 61 31
8 95 62 29 19 86 46 49 89
8 64 90 89 2 56 98 47 87
8 6 5 21 100 65 38 51 37
8 64 3 37 95 37 56 7 16
8 27 83 48 72 84 48 28 17
8 95 93 96 74 97 55 93 40
8 51 35 5 49 64 19 7 71
8 100 73 43 26 75 39 37 38
8 89 54 43 87 48 62 22 2
8 41 38 86 25 1 53 49 20
8 71 48 37 37 62 2 7 1
8 37 43 69 23 47 93 73 21
8 33 46 80 59 23 79 33 94
8 90 97 26 58 25 24 49 11
8 8 36 60 69 42 11 79 59
8 27 65 35 76 76 50 29 69
8 59 88 82 50 8 57 66 64
8 50 51 84 51 85 43 15 58
8 100 24 86 8 70 50 14 90
8 50 96 74 79 91 54 62 87
8 59 11 9 33 52 90 65 76
8 89 84 76 29 88 40 39 31
8 100 95 32 16 90 47 77 12
8 18 43 17 77 55 76 96 90
8 93 19 82 24 30 52 77 58
8 63 15 22 92 26 85 75 76
8 29 34 96 14 19 30 28 23
8 67 22 68 29 17 38 38 58
8 17 61 8 86 15 45 100 22
8 1 16 87 19 100 44 94 88
8 22 88 73 6 81 83 47 18
8 97 46 88 4 76 10 14 39
8 35 92 43 28 6 42 96 20
8 57 59 50 19 14 23 31 67
8 46 49 92 79 79 42 38 13
8 64 86 88 46 9 1 62 61
8 11 61 11 13 16 72 34 13
8 48 62 52 51 47 71 3 6
8 63 38 2 62 82 62 84 40
8 33 59 100 10 43 40 51 28
8 45 31 73 18 89 89 13 64
8 50 2 23 13 88 33 73 79
8 27 74 36 58 1 85 18 79
8 50 72 52 37 15 37 68 13
8 61 66 72 11 83 14 91 5
8 16 29 81 66 68 47 83 56
8 16 89 14 52 53 9 52 75
8 56 62 65 83 65 49 31 26
8 20 75 9 16 13 90 70 68
8 68 54 70 17 83 50 71 91
8 29 88 62 16 81 72 82 82
8 67 92 73 95 16 60 6 49
8 76 45 30 52 21 11 23 49
8 11 34 16 8 75 37 26 26
8 21 95 50 9 82 96 39 6
8 12 22 35 34 40 85 50 69
8 74 92 89 63 51 12 78 28
0
