8 66 80 69 64 97 6 16 8
8 54 85 85 16 35 82 64 14
8 81 69 96 8 62 66 31 6
8 38 17 41 11 9 36 47 78
8 7 8 20 68 52 76 49 37
8 35 78 43 89 97 14 41 86
8 16 60 82 84 98 54 56 25
8 37 48 39 74 68 81 9 78
8 7 27 42 38 2 30 28 82
8 24 94 57 20 83 16 50 55
8 43 36 84 75 79 40 26 32
8 61 60 73 1 62 85 33 4
8 15 100 69 59 47 90 11 41
8 65 90 53 12 22 76 11 63
8 16 68 98 61 14 10 46 29
8 11 81 21 63 35 78 27 4
8 21 12 47 38 92 10 36 68
8 9 42 62 97 53 21 23 84
8 69 84 77 49 82 46 22 34
8 52 15 67 33 62 46 99 18
8 99 98 11 25 60 48 88 78
8 2 53 81 45 29 97 95 36
8 32 49 8 20 20 13 18 73
8 38 7 53 35 80 74 8 46
8 51 79 2 21 72 14 98 27
8 43 43 88 10 86 11 83 69
8 31 82 3 25 91 100 32 21
8 91 69 49 84 100 14 31 69
8 39 66 91 89 96 5 15 35
8 88 80 42 25 51 82 67 62
8 40 24 94 74 40 61 86 75
8 93 16 82 69 19 94 57 45
8 30 59 6 26 75 85 64 58
8 13 93 3 45 16 83 10 56
8 45 10 18 49 82 93 53 29
8 10 88 65 26 20 38 55 88
8 7 35 23 100 77 86 38 25
8 70 50 52 67 66 75 1 33
8 44 28 34 26 86 7 29 76
8 60 50 64 94 20 69 32 53
8 16 5 83 50 76 36 20 62
8 99 42 39 67 57 100 4 67
8 96 43 42 46 31 85 37 21
8 9 21 73 58 98 9 82 96
8 64 69 49 93 81 6 85 31
8 41 57 18 100 48 79 63 60
8 29 94 91 29 14 74 3 43
8 63 29 27 2 27 29 3 17
8 95 64 29 97 82 58 24 19
8 54 92 61 79 48 32 34 74
8 54 70 68 47 78 58 97 58
8 8 59 11 73 51 28 1 53
8 100 26 39 13 75 23 78 14
8 75 2 11 64 56 27 12 24
8 45 94 37 43 92 100 84 2
8 19 50 76 88 89 35 96 14
8 77 53 80 78 87 8 23 64
8 48 59 67 58 17 72 94 82
8 17 50 22 42 56 81 12 71
8 79 15 94 19 45 75 94 26
8 69 99 63 8 71 82 46 14
8 33 76 68 10 66 74 76 37
8 14 23 20 23 89 70 52 94
8 78 41 17 97 56 94 73 4
8 28 56 40 34 66 82 65 98
8 38 48 79 79 56 51 38 63
8 60 52 6 31 23 33 17 46
8 39 61 18 75 82 41 70 84
8 46 11 80 17 45 94 10 94
8 84 16 50 79 98 98 71 58
8 67 26 96 98 8 91 47 50
8 66 25 52 33 42 68 9 94
8 3 56 66 61 15 23 50 29
8 37 87 76 80 5 18 97 68
8 95 88 74 100 69 56 66 24
8 39 76 43 50 80 91 46 31
8 87 16 74 97 65 65 53 23
8 30 78 73 30 100 8 2 43
8 76 63 89 32 100 48 98 15
8 93 19 28 31 94 2 40 65
8 90 78 25 62 19 80 54 8
8 100 72 54 62 56 93 90 38
8 98 22 8 59 29 35 62 20
8 94 13 97 31 85 8 53 70
8 16 35 21 80 28 32 98 80
8 53 97 74 36 21 31 7 82
8 85 49 48 36 87 9 87 49
8 33 7 40 48 23 75 19 13
8 69 38 52 94 16 40 14 12
8 71 22 81 32 62 67 39 93
8 49 93 15 24 3 49 37 88
8 46 23 9 3 24 73 90 26
8 53 71 2 77 72 82 55 19
8 64 54 80 85 11 45 36 17
8 46 49 63 95 36 41 60 31
8 37 12 70 3 3 48 80 45
8 92 11 89 40 48 53 16 80
8 94 69 93 20 61 77 28 12
8 28 41 68 44 99 7 8 72
8 14 43 69 74 97 6 71 22
0
