8 34 21 91 65 87 60 63 1
8 75 56 99 8 16 26 19 8
8 79 98 12 8 11 53 68 74
8 97 59 18 45 34 32 32 1
8 55 98 7 89 81 40 70 42
8 93 75 67 99 59 86 43 52
8 27 95 49 63 85 77 81 41
8 86 93 47 75 48 58 87 31
8 55 25 58 7 91 6 63 85
8 26 72 58 10 59 24 18 32
8 96 17 58 44 73 92 47 66
8 45 12 50 70 98 68 52 79
8 7 34 74 33 1 8 66 71
8 52 86 85 92 39 79 29 53
8 83 91 99 100 1 10 86 19
8 91 96 30 55 46 18 26 33
8 29 38 57 72 82 43 69 25
8 78 94 76 11 55 25 72 17
8 74 54 1 3 52 95 89 50
8 70 6 71 9 64 20 31 65
8 46 21 62 16 3 15 70 86
8 59 94 53 44 17 24 43 74
8 50 25 91 52 80 27 9 42
8 19 1 50 2 61 98 85 27
8 43 21 70 24 83 40 66 41
8 21 42 22 54 22 53 69 15
8 56 76 65 92 89 70 46 43
8 14 22 38 79 65 76 5 51
8 58 4 76 53 51 65 9 28
8 31 60 18 66 9 32 75 88
8 70 44 3 3 92 24 36 9
8 67 20 63 71 83 9 34 82
8 92 74 72 66 6 76 7 51
8 33 62 57 80 72 61 77 17
8 50 44 26 72 13 20 75 52
8 3 43 5 35 19 19 86 35
8 86 50 38 20 9 60 91 44
8 70 44 16 31 35 4 39 30
8 14 37 25 88 99 92 30 77
8 84 76 97 27 75 64 71 62
8 18 56 35 11 96 72 83 53
8 20 89 85 1 87 53 81 48
8 3 26 16 7 59 50 14 2
8 63 38 22 50 44 9 2 55
8 82 25 50 86 65 1 69 88
8 18 54 27 95 51 68 18 21
8 26 83 96 88 4 36 87 25
8 41 74 56 50 4 39 62 50
8 16 100 91 54 51 36 41 79
8 52 37 3 52 88 4 91 3
8 34 85 76 24 39 20 61 81
8 40 63 52 52 95 16 61 75
8 22 9 99 75 88 79 29 69
8 38 9 39 14 22 31 28 41
8 94 79 80 67 91 27 39 30
8 50 17 37 95 36 37 57 7
8 95 49 92 1 44 67 43 74
8 16 23 82 1 52 56 57 71
8 20 30 92 100 17 17 14 100
8 77 57 87 65 4 30 15 96
8 22 59 37 31 32 92 84 43
8 82 13 76 87 42 62 85 81
8 62 65 49 32 4 42 94 52
8 63 54 14 82 30 43 23 16
8 57 48 99 77 84 22 48 10
8 88 91 98 58 37 58 45 7
8 62 28 70 98 57 94 83 56
8 18 21 95 20 51 31 49 2
8 70 27 19 1 63 69 87 69
8 22 32 90 62 69 68 97 86
8 43 68 23 11 59 93 53 34
8 16 21 37 81 59 100 68 70
8 95 57 26 89 38 57 89 78
8 12 8 78 65 81 44 93 57
8 92 80 41 15 83 11 55 69
8 60 50 64 33 73 64 65 4
8 83 61 64 26 92 9 97 39
8 22 99 66 37 82 34 61 84
8 27 5 23 30 41 39 34 73
8 45 13 77 62 29 37 60 81
8 86 75 55 91 34 7 96 3
8 93 11 17 90 47 50 96 71
8 71 54 25 3 95 43 74 74
8 69 18 22 42 48 33 57 75
8 4 48 1 1 19 73 14 11
8 47 21 30 50 29 96 15 6
8 96 55 91 59 92 45 55 80
8 15 51 57 69 37 86 28 48
8 60 59 93 32 4 97 46 49
8 41 83 88 83 7 56 82 1
8 66 29 94 45 50 10 36 28
8 30 90 6 96 53 2 60 95
8 84 85 15 35 56 13 82 47
8 67 52 44 57 18 89 77 88
8 97 84 73 30 2 19 91 84
8 56 31 75 3 48 14 90 4
8 31 89 20 95 12 70 100 95
8 57 69 40 98 9 33 47 88
8 13 22 20 46 63 58 94 78
8 72 1 50 70 9 18 50 19
0
