8 61 55 31 95 83 72 41 35
8 92 77 75 91 37 2 14 20
8 21 93 4 45 93 36 30 73
8 14 60 55 100 85 26 99 41
8 38 60 76 17 18 51 29 38
8 2 33 33 71 25 18 36 88
8 39 49 20 34 49 49 74 41
8 90 17 92 42 63 37 79 12
8 58 15 3 83 44 3 51 4
8 89 59 71 16 18 11 2 60
8 78 25 16 22 55 65 48 6
8 71 83 99 92 36 77 88 82
8 41 12 69 13 34 8 92 90
8 31 94 12 67 8 74 7 72
8 91 9 12 20 70 27 18 1
8 3 98 31 21 11 65 39 26
8 43 48 1 5 44 82 28 62
8 49 7 60 64 42 83 29 73
8 24 70 13 29 99 57 1 44
8 65 99 8 82 4 40 84 48
8 48 19 51 8 73 92 71 90
8 68 9 12 42 8 98 38 45
8 26 51 2 89 33 90 56 17
8 5 50 3 2 1 16 23 56
8 4 80 68 81 53 8 85 41
8 38 85 38 62 7 11 79 70
8 69 60 39 59 17 49 69 31
8 83 61 15 55 16 99 31 42
8 80 15 99 38 57 20 29 35
8 5 37 61 51 51 58 15 11
8 73 14 48 28 66 19 34 86
8 39 39 68 18 45 78 65 58
8 26 5 72 80 37 45 45 100
8 23 56 58 98 83 31 48 4
8 38 9 82 36 13 85 24 54
8 10 9 75 90 21 37 41 41
8 71 73 7 67 64 96 19 24
8 90 47 62 43 87 57 72 9
8 96 67 40 82 50 33 67 80
8 74 25 18 21 31 36 87 74
8 39 75 1 66 35 87 15 15
8 9 81 78 66 37 74 16 6
8 100 58 70 55 84 80 99 42
8 96 98 75 48 76 59 30 57
8 22 16 49 54 49 59 67 62
8 71 99 62 50 42 20 40 72
8 36 86 29 75 7 38 79 34
8 56 61 34 66 64 78 95 66
8 41 55 31 42 11 32 65 48
8 82 68 40 60 65 28 40 45
8 93 6 48 81 80 75 29 55
8 26 17 5 44 94 5 94 9
8 62 1 48 95 12 38 62 17
8 45 40 70 43 83 27 19 23
8 88 10 75 26 19 59 39 13
8 14 99 54 54 54 36 15 78
8 50 33 7 81 21 69 78 97
8 80 8 31 96 55 51 30 85
8 91 35 43 54 55 85 45 60
8 25 82 36 84 29 90 78 54
8 26 67 12 20 13 68 9 60
8 26 99 95 3 54 9 57 63
8 71 48 22 48 84 15 21 68
8 85 2 76 97 87 57 62 92
8 52 100 67 3 17 29 54 10
8 9 54 91 79 83 5 44 34
8 1 98 74 9 59 64 45 41
8 87 76 12 93 11 7 64 28
8 46 95 21 59 40 82 86 96
8 84 12 41 5 72 70 43 100
8 47 52 99 49 12 71 26 28
8 32 31 50 86 34 37 36 54
8 94 93 17 59 55 49 89 52
8 27 65 4 57 1 54 73 7
8 51 82 99 67 58 25 12 60
8 6 28 14 78 3 28 30 14
8 58 73 47 8 69 88 87 72
8 22 90 69 15 67 64 3 93
8 39 57 28 96 2 47 7 89
8 10 46 42 86 42 62 41 20
8 40 88 71 6 23 92 4 47
8 53 74 22 42 57 71 65 68
8 17 20 81 24 7 99 6 71
8 1 74 76 41 57 84 7 53
8 66 85 18 28 49 37 99 97
8 44 26 14 34 20 25 79 27
8 92 80 11 42 74 90 63 70
8 5 50 7 72 77 6 94 7
8 99 72 3 55 14 39 41 67
8 15 1 89 65 64 8 36 11
8 31 80 20 63 34 20 8 22
8 44 5 12 63 57 47 3 36
8 14 54 51 31 83 42 62 11
8 66 31 28 37 80 26 50 74
8 64 32 98 66 56 57 98 84
8 73 64 85 49 87 1 57 51
8 5 22 12 15 47 86 30 43
8 33 45 37 10 45 73 63 69
8 90 93 97 21 99 53 32 55
8 75 57 68 87 87 87 50 92
0
