8 91 4 48 4 46 47 28 82
8 92 19 18 90 62 38 23 33
8 4 86 47 77 100 7 35 18
8 48 16 89 69 62 24 92 35
8 67 85 94 78 41 56 94 96
8 51 31 31 91 71 85 76 85
8 76 24 74 85 3 61 60 51
8 58 92 22 86 11 70 52 49
8 63 25 59 28 84 87 50 9
8 66 63 67 5 2 66 48 81
8 33 74 37 83 51 73 5 82
8 67 73 29 67 31 79 10 88
8 26 42 46 31 30 78 53 5
8 37 19 93 66 32 25 28 33
8 7 80 73 72 60 5 66 29
8 62 52 61 12 10 88 93 54
8 64 11 47 11 16 31 6 84
8 73 62 44 39 20 25 24 81
8 86 75 32 55 71 71 81 53
8 2 56 34 16 55 6 38 74
8 29 13 90 23 13 20 7 23
8 44 72 29 83 7 60 12 74
8 74 95 44 2 44 92 24 19
8 93 65 49 36 30 47 70 8
8 1 6 24 96 98 6 18 81
8 51 70 98 20 12 48 28 11
8 62 34 28 86 42 36 40 14
8 2 56 89 75 24 100 14 16
8 8 93 75 42 23 41 96 73
8 78 51 18 83 53 19 91 95
8 56 66 9 58 85 43 17 62
8 9 84 38 95 9 61 81 11
8 58 11 46 68 58 81 8 29
8 74 35 53 28 34 55 66 40
8 7 35 98 76 66 81 75 63
8 2 22 33 22 96 85 22 67
8 39 31 18 11 22 54 80 73
8 45 99 68 58 96 97 61 37
8 55 72 79 77 29 66 13 29
8 65 57 12 28 42 14 72 14
8 47 6 69 75 77 8 26 83
8 49 59 66 34 6 66 19 39
8 84 85 96 8 45 42 36 21
8 94 42 25 86 18 11 100 47
8 34 91 74 91 43 95 63 28
8 40 17 75 76 61 60 46 28
8 71 23 6 46 71 57 100 49
8 61 48 64 12 73 83 6 2
8 20 78 77 76 1 70 47 81
8 12 99 100 15 89 52 16 82
8 18 13 96 75 2 98 17 91
8 62 15 23 94 26 8 65 7
8 81 16 59 58 3 19 98 65
8 7 73 15 28 25 5 82 11
8 58 59 22 58 39 87 38 82
8 13 28 24 31 10 80 82 62
8 53 76 59 76 12 64 11 20
8 55 70 7 70 57 81 56 77
8 3 86 13 64 29 26 9 62
8 22 14 15 32 4 96 90 79
8 64 47 45 71 20 47 87 2
8 26 42 73 66 67 15 45 63
8 81 82 31 85 45 84 72 87
8 65 25 50 16 69 36 39 95
8 78 64 49 2 41 26 54 55
8 94 10 30 56 92 87 6 49
8 80 81 14 12 99 22 72 57
8 86 62 23 68 57 28 53 13
8 20 28 52 74 8 70 64 68
8 33 57 99 32 66 76 55 4
8 57 9 14 59 98 50 100 21
8 1 41 93 8 22 76 82 9
8 100 45 5 19 75 67 25 99
8 25 56 64 77 45 35 4 34
8 54 66 69 75 78 77 70 17
8 78 37 16 44 87 20 92 59
8 91 38 28 49 66 93 16 34
8 77 10 79 23 8 9 37 85
8 68 3 89 23 32 55 20 71
8 21 66 9 63 74 88 72 95
8 46 88 54 15 56 40 78 80
8 68 43 14 92 96 76 25 4
8 92 8 37 97 64 43 59 10
8 71 72 83 54 51 60 78 73
8 3 73 13 34 38 48 91 65
8 28 36 12 30 16 77 34 19
8 36 86 6 85 45 39 71 42
8 26 28 94 44 63 3 85 66
8 3 33 91 61 91 8 79 37
8 36 100 53 90 41 80 10 70
8 89 28 39 56 27 70 43 4
8 23 78 74 82 58 27 91 33
8 91 67 80 53 44 62 49 77
8 4 40 94 47 79 21 57 97
8 64 95 28 98 91 83 53 6
8 79 41 28 100 43 54 58 46
8 61 39 26 62 93 64 14 47
8 20 67 45 18 80 20 9 41
8 71 30 17 19 69 44 95 86
8 48 21 51 1 99 65 23 9
0
