8 7 82 95 64 57 16 38 9
8 100 45 81 23 11 5 72 100
8 28 85 87 34 60 31 94 62
8 7 62 79 30 85 72 38 78
8 59 19 31 86 8 40 77 30
8 75 79 27 77 26 83 83 52
8 93 33 88 100 89 61 81 24
8 29 73 97 75 26 32 82 61
8 71 54 72 56 7 13 79 6
8 47 4 49 49 53 24 66 28
8 4 41 7 29 35 27 42 67
8 92 78 28 95 45 75 96 95
8 53 8 20 52 86 99 99 21
8 31 5 14 31 21 10 25 44
8 20 74 77 96 19 35 71 60
8 98 12 44 95 47 2 8 82
8 47 21 10 76 36 22 6 23
8 11 77 78 90 6 75 19 48
8 72 63 80 54 48 26 65 65
8 97 31 93 99 39 96 6 8
8 100 19 30 29 81 62 60 44
8 51 96 90 71 67 13 86 20
8 34 12 43 62 71 91 20 84
8 39 100 8 46 90 75 66 72
8 27 36 17 54 70 75 33 77
8 80 55 88 86 61 37 40 89
8 29 58 62 30 63 60 7 51
8 26 26 80 77 83 82 27 46
8 86 48 66 44 91 89 48 53
8 72 61 62 6 23 63 17 46
8 12 16 85 88 37 56 56 64
8 92 1 49 80 19 20 75 54
8 76 18 81 51 11 80 19 24
8 36 67 92 72 1 19 11 74
8 9 47 21 52 57 7 21 66
8 32 94 36 2 2 51 64 65
8 45 98 7 14 95 67 92 38
8 88 40 61 48 53 93 76 39
8 51 90 1 35 18 72 55 41
8 17 44 71 100 71 5 34 21
8 40 97 70 6 82 96 55 87
8 60 85 16 97 68 17 54 33
8 82 77 66 53 80 40 54 38
8 49 20 68 6 26 71 15 72
8 59 6 80 75 57 25 46 83
8 12 44 12 76 48 71 42 82
8 62 21 63 42 40 20 29 87
8 95 65 55 3 48 58 77 89
8 29 82 69 64 79 19 15 63
8 49 48 26 9 77 30 51 59
8 38 62 15 5 58 74 89 62
8 78 71 78 48 49 100 73 100
8 50 48 47 86 93 90 100 10
8 37 10 32 55 59 48 96 53
8 24 2 1 38 69 91 90 22
8 48 31 43 53 32 30 11 49
8 82 88 60 57 6 87 55 24
8 77 53 73 23 56 3 80 7
8 19 11 98 31 81 87 68 50
8 40 61 6 69 29 19 91 17
8 13 35 39 92 51 84 36 1
8 70 26 13 69 83 41 60 1
8 11 45 52 70 3 6 67 41
8 22 23 97 37 97 29 64 14
8 35 24 29 32 55 81 93 93
8 42 35 85 12 54 8 8 11
8 20 99 54 4 75 96 10 100
8 90 51 30 32 84 7 91 66
8 68 48 29 96 51 100 12 12
8 70 91 44 61 29 89 55 53
8 62 73 77 48 52 49 79 68
8 88 81 100 16 57 13 40 40
8 64 46 83 30 51 68 86 83
8 55 3 46 55 89 64 15 15
8 1 20 51 87 71 92 52 10
8 40 84 43 2 17 10 87 7
8 27 14 87 44 42 25 3 44
8 7 26 20 44 78 5 66 22
8 38 15 78 37 7 59 85 57
8 38 56 88 65 47 83 84 34
8 65 73 73 30 64 66 35 29
8 64 37 17 5 35 100 1 21
8 23 82 73 89 53 4 92 76
8 54 14 90 67 20 73 46 30
8 82 50 78 77 58 44 49 9
8 80 63 41 69 8 69 24 28
8 13 74 85 85 1 53 47 57
8 20 37 89 33 88 18 22 72
8 87 62 33 53 36 64 90 20
8 9 88 28 10 46 43 82 79
8 56 39 53 42 97 52 11 92
8 100 70 94 83 1 43 36 61
8 78 76 47 50 17 84 22 26
8 89 21 98 61 57 100 93 90
8 56 95 9 35 48 30 80 51
8 54 28 19 68 6 88 4 76
8 28 52 91 87 10 73 17 48
8 78 25 88 5 20 6 87 73
8 22 48 81 26 44 35 90 4
8 2 55 26 73 97 77 25 21
0
