8 77 83 36 37 42 99 7 76
8 91 29 90 60 8 23 24 73
8 56 6 54 35 81 23 100 49
8 100 40 51 5 26 54 57 92
8 98 8 65 99 30 50 91 60
8 39 35 42 11 48 53 62 88
8 67 92 22 28 68 18 47 40
8 37 30 80 5 18 23 50 93
8 77 68 95 43 21 26 90 71
8 84 18 90 81 65 17 84 92
8 68 10 32 23 69 28 59 36
8 39 54 83 57 53 27 64 56
8 83 94 8 58 52 99 32 49
8 13 12 53 4 94 16 5 8
8 65 5 53 88 75 33 96 53
8 51 99 35 56 58 88 77 54
8 81 30 75 79 86 61 9 22
8 50 33 39 29 88 12 18 96
8 15 60 11 1 22 80 54 51
8 17 37 85 79 89 73 35 2
8 37 49 41 8 68 47 72 59
8 39 21 45 27 34 73 35 65
8 83 68 41 32 39 47 96 15
8 34 61 67 66 48 57 12 23
8 41 31 16 98 21 31 18 90
8 11 33 33 35 77 53 51 1
8 63 68 3 5 90 8 43 15
8 60 74 35 97 4 1 62 88
8 79 18 2 16 38 83 79 65
8 64 65 2 1 97 3 7 14
8 57 60 14 93 82 37 87 29
8 60 25 49 87 39 41 33 70
8 13 8 58 47 23 92 75 35
8 85 84 89 4 85 27 40 82
8 51 49 37 64 40 40 76 24
8 87 13 3 80 65 54 19 86
8 45 17 69 27 87 62 30 4
8 42 34 44 49 85 88 63 11
8 71 34 64 74 35 34 65 60
8 39 30 67 50 93 2 18 84
8 25 64 18 71 38 38 71 28
8 43 96 66 16 30 100 43 96
8 28 20 71 22 80 71 39 5
8 94 21 4 51 88 65 39 85
8 67 41 73 80 21 6 15 67
8 92 29 43 88 44 33 59 54
8 21 90 39 89 34 27 98 68
8 82 37 7 91 81 41 10 8
8 97 65 58 50 96 15 34 90
8 9 21 100 46 34 72 46 47
8 68 60 39 87 14 58 66 39
8 1 55 54 40 45 69 39 53
8 6 87 50 45 42 92 48 23
8 26 53 19 26 52 46 93 32
8 16 67 79 47 71 24 75 8
8 21 82 99 4 4 1 13 80
8 38 95 100 72 75 55 52 72
8 11 32 50 3 55 89 4 18
8 84 90 88 74 86 57 96 86
8 16 90 62 59 84 84 21 69
8 44 2 40 51 93 27 31 76
8 28 99 49 82 67 90 14 60
8 2 54 25 79 7 28 30 45
8 13 32 17 31 64 16 43 1
8 50 28 66 48 97 63 94 67
8 10 37 63 19 3 69 45 38
8 61 98 54 79 13 35 13 85
8 91 71 38 86 10 7 27 58
8 55 35 47 65 41 13 98 53
8 63 14 76 1 88 37 79 84
8 65 59 83 86 92 40 93 82
8 68 68 60 32 58 90 84 94
8 39 6 14 6 89 87 50 19
8 56 31 32 53 97 92 45 70
8 50 47 21 4 9 44 34 57
8 71 62 79 67 85 13 8 88
8 10 90 23 89 57 86 48 59
8 77 32 39 55 31 89 70 49
8 59 77 3 56 12 96 23 40
8 44 70 20 28 79 41 25 96
8 96 97 11 84 87 19 89 51
8 63 43 54 74 9 99 44 55
8 22 82 21 43 28 50 17 25
8 70 71 58 70 39 31 12 46
8 28 71 53 51 70 24 21 82
8 24 34 16 83 16 56 37 30
8 90 48 32 68 33 43 32 15
8 91 65 89 71 82 86 92 94
8 36 94 81 100 24 42 20 68
8 25 13 53 78 96 62 98 85
8 91 63 22 88 29 87 31 98
8 2 73 6 12 35 13 67 57
8 15 53 4 48 13 97 54 57
8 59 27 78 18 64 58 43 24
8 25 54 1 91 73 66 52 87
8 67 46 3 13 10 60 51 50
8 5 89 20 18 70 64 70 41
8 28 52 58 92 56 48 80 4
8 40 37 45 96 35 7 85 12
8 34 20 98 49 53 78 53 72
0
