9 84 61 64 54 25 61 86 41 40
9 86 86 48 17 7 34 65 95 1
9 37 70 5 11 99 82 36 33 6
9 4 48 98 94 18 69 47 59 97
9 26 19 63 21 77 48 87 1 35
9 52 18 58 59 46 45 98 66 51
9 83 99 61 34 25 96 46 88 27
9 56 62 28 77 66 28 91 92 82
9 36 60 69 54 91 40 68 5 22
9 84 31 17 82 72 10 87 29 1
9 75 33 32 74 38 72 51 69 95
9 88 19 69 37 54 83 79 31 33
9 80 98 38 92 6 80 86 35 8
9 40 42 17 49 14 78 15 30 22
9 32 56 40 53 12 80 50 13 29
9 98 8 75 45 42 46 88 21 45
9 100 21 70 22 72 36 64 49 75
9 65 56 69 90 30 29 2 97 64
9 60 38 21 66 22 87 89 27 96
9 99 42 48 61 30 25 48 55 56
9 48 5 19 99 17 16 81 13 51
9 92 13 4 13 15 11 13 65 50
9 42 60 44 28 67 38 52 83 34
9 65 83 8 97 54 29 61 81 15
9 70 52 7 36 11 6 92 57 46
9 1 54 95 21 40 62 24 51 33
9 66 7 71 45 43 37 16 49 81
9 43 42 89 96 26 61 67 88 29
9 82 85 65 1 43 63 28 77 94
9 79 45 86 72 95 45 63 48 99
9 6 3 22 32 82 48 20 73 5
9 22 28 92 15 34 29 77 37 76
9 80 32 9 22 80 16 33 51 97
9 65 1 14 42 66 73 89 7 28
9 65 65 82 97 92 97 49 36 84
9 11 96 18 52 19 85 68 18 60
9 82 88 60 76 68 84 33 72 86
9 37 5 69 69 46 21 73 49 20
9 49 14 18 98 96 10 10 8 22
9 85 94 88 30 99 9 9 83 58
9 52 10 25 40 64 83 89 41 74
9 81 74 65 12 100 19 41 62 79
9 82 45 96 14 18 37 64 39 41
9 5 88 80 54 35 73 18 82 11
9 95 36 38 35 80 50 68 13 73
9 15 27 15 57 54 98 5 29 58
9 70 77 37 14 51 92 79 97 32
9 89 2 25 91 56 87 91 57 78
9 89 7 51 64 52 87 69 66 42
9 15 73 5 2 7 12 96 62 52
9 57 52 48 60 91 27 69 21 48
9 25 89 62 76 22 44 83 16 31
9 74 22 29 75 71 15 5 62 66
9 64 5 99 55 38 50 70 80 53
9 37 49 97 6 41 79 76 51 51
9 96 8 99 30 82 95 94 83 35
9 19 21 8 68 57 78 84 20 80
9 43 66 98 30 19 3 92 38 59
9 67 89 13 92 96 10 3 29 66
9 92 26 61 18 13 22 81 74 94
9 73 22 51 45 58 43 22 52 87
9 100 49 10 84 72 93 25 12 39
9 61 90 52 69 74 10 99 40 27
9 45 28 8 21 41 48 50 84 84
9 3 55 76 19 30 35 18 5 3
9 62 95 100 76 93 51 7 59 94
9 12 55 83 23 82 39 81 10 67
9 60 38 87 40 11 36 42 30 100
9 61 51 19 8 75 56 22 45 74
9 18 98 48 68 4 59 57 18 74
9 31 72 57 46 31 85 32 93 78
9 69 77 16 16 99 56 85 4 26
9 100 42 49 73 61 78 18 28 74
9 28 44 57 71 48 17 26 36 72
9 62 66 81 92 28 78 55 38 4
9 43 32 46 81 10 82 5 28 96
9 69 5 70 24 27 29 94 6 11
9 31 37 83 94 72 99 31 70 40
9 76 51 56 55 80 21 84 32 66
9 97 17 76 75 70 100 51 47 89
9 98 24 61 38 49 82 47 2 99
9 35 58 58 91 12 87 90 46 80
9 56 88 73 68 18 56 41 8 47
9 86 47 27 25 4 23 35 73 22
9 94 68 23 3 99 41 47 80 47
9 74 69 25 55 56 14 34 27 46
9 22 96 30 68 67 8 1 91 92
9 20 46 77 95 50 25 59 29 98
9 70 53 58 56 90 12 50 51 17
9 80 4 77 25 10 90 83 68 69
9 31 98 96 9 91 48 91 12 26
9 41 87 37 64 3 28 47 92 40
9 73 60 93 32 10 51 41 17 67
9 71 78 63 11 98 59 14 92 27
9 24 26 38 48 54 56 99 83 41
9 19 33 15 56 73 64 88 11 36
9 36 57 25 71 70 59 58 95 75
9 47 92 41 38 99 97 42 71 1
9 99 6 82 85 32 40 78 6 95
9 91 18 73 80 99 21 87 61 59
0
