9 46 37 65 96 53 49 21 74 81
9 42 99 22 26 52 62 16 47 55
9 37 64 93 8 44 17 84 88 12
9 13 55 28 48 24 50 84 92 76
9 35 27 10 2 46 92 89 52 20
9 65 66 70 19 25 91 14 31 12
9 14 60 9 35 43 43 37 65 14
9 8 23 74 7 28 86 97 68 45
9 72 29 29 26 91 98 35 64 50
9 11 87 22 96 10 64 83 62 79
9 12 28 66 69 27 56 8 57 30
9 65 30 64 94 30 68 21 33 10
9 36 46 98 69 79 97 70 96 81
9 27 79 15 74 31 16 40 56 20
9 48 79 90 18 72 18 92 8 88
9 34 6 64 94 19 91 46 98 53
9 82 83 13 13 36 98 49 40 10
9 37 43 51 10 39 12 43 28 13
9 94 55 98 83 19 5 65 10 92
9 49 49 28 95 94 24 60 23 7
9 2 19 21 2 13 20 5 45 100
9 33 55 17 55 46 64 44 90 52
9 73 94 42 86 82 56 56 32 73
9 74 85 58 10 64 8 39 60 48
9 64 4 69 86 97 15 2 60 66
9 81 38 41 90 68 60 94 12 90
9 54 1 69 16 77 90 84 91 35
9 11 100 33 20 63 78 68 8 39
9 43 88 20 89 34 58 3 63 72
9 69 76 64 23 48 10 58 85 39
9 30 21 70 12 46 84 88 22 75
9 50 64 33 50 42 49 88 81 8
9 51 89 33 48 2 55 7 54 65
9 30 55 53 10 62 48 48 14 42
9 15 75 54 5 20 18 65 48 35
9 33 55 8 77 68 56 85 94 98
9 74 16 67 46 95 78 12 97 77
9 51 8 83 73 7 22 92 100 7
9 72 43 62 35 83 75 93 75 53
9 30 41 12 87 52 10 67 27 64
9 79 17 11 90 3 86 57 41 90
9 16 54 92 93 39 34 36 15 83
9 5 84 47 50 88 54 31 40 27
9 98 24 61 4 25 37 95 78 56
9 14 9 75 87 82 85 32 85 44
9 97 42 26 19 96 46 73 21 92
9 6 3 54 51 12 20 22 32 48
9 41 57 72 70 16 96 63 30 81
9 68 1 64 61 11 62 92 97 83
9 78 98 68 51 45 20 26 81 15
9 24 19 46 96 25 16 57 96 59
9 100 95 77 31 14 5 42 61 91
9 65 13 89 48 86 93 57 71 21
9 34 13 39 52 57 68 29 35 83
9 43 57 36 11 81 10 97 25 25
9 27 92 23 57 35 21 86 32 100
9 12 45 62 25 91 78 49 93 33
9 45 64 8 80 4 48 61 96 57
9 83 5 9 23 52 64 42 7 66
9 97 13 78 21 89 90 93 47 77
9 57 78 28 49 41 31 100 19 63
9 60 46 76 17 13 50 45 50 78
9 77 84 22 100 1 26 52 17 52
9 39 32 91 54 14 32 9 15 75
9 74 39 99 42 15 57 76 93 4
9 81 42 2 90 14 47 96 13 84
9 90 48 50 29 74 77 25 41 43
9 57 14 39 57 62 84 33 54 77
9 28 27 11 49 80 31 3 100 100
9 72 18 68 79 16 84 77 14 92
9 42 83 62 89 20 71 24 65 94
9 63 22 13 17 56 30 13 21 19
9 63 32 88 36 15 31 94 27 11
9 53 81 84 66 22 36 38 22 85
9 11 69 18 51 87 30 21 94 56
9 84 9 3 100 72 26 25 62 60
9 33 87 16 86 38 17 83 97 29
9 86 61 38 18 30 54 1 84 99
9 42 46 1 38 22 55 53 14 51
9 8 91 64 74 30 89 25 27 93
9 51 37 71 16 23 16 32 55 61
9 32 27 89 7 35 69 8 8 63
9 84 15 97 9 67 62 74 86 73
9 61 87 96 63 79 2 45 60 54
9 16 53 29 96 4 15 6 8 65
9 51 76 36 37 67 23 3 75 80
9 79 92 94 15 86 69 7 9 72
9 13 4 92 28 45 92 12 33 30
9 15 15 77 27 8 18 85 37 22
9 40 80 11 30 16 19 83 84 15
9 71 51 9 63 35 22 25 56 17
9 31 51 10 42 69 49 96 74 100
9 98 76 2 12 15 99 90 67 87
9 80 19 82 35 21 22 1 20 99
9 83 40 20 36 60 7 69 50 14
9 64 38 5 66 56 96 74 3 4
9 57 84 51 52 76 69 36 99 20
9 15 25 21 26 32 61 48 54 47
9 45 53 30 16 41 68 55 80 73
9 4 7 39 22 87 96 79 77 40
0
