9 22 42 81 95 66 88 32 77 78
9 18 47 93 26 59 31 25 42 81
9 41 61 92 12 99 67 57 60 57
9 94 71 40 97 53 81 16 90 29
9 46 87 77 35 4 50 51 73 77
9 30 16 67 98 16 44 14 24 100
9 59 1 60 71 27 12 94 35 38
9 58 5 54 32 94 27 17 74 90
9 60 71 32 29 90 89 2 16 84
9 34 97 12 95 73 38 78 46 39
9 96 31 50 19 47 27 38 96 1
9 22 78 3 20 38 23 34 43 84
9 42 96 14 86 85 6 93 86 27
9 44 28 10 17 74 45 76 27 54
9 35 76 36 47 63 48 98 15 35
9 92 99 74 39 8 89 75 67 75
9 37 72 42 97 33 27 89 98 40
9 40 25 46 76 43 99 33 4 2
9 34 33 92 74 7 66 61 23 12
9 2 90 14 83 46 16 93 10 57
9 99 51 5 96 6 13 96 34 62
9 5 27 39 60 29 44 81 72 92
9 11 38 37 46 6 33 89 25 64
9 63 35 77 81 78 89 28 67 22
9 77 62 86 4 76 45 43 81 93
9 93 15 35 57 5 44 15 15 58
9 33 87 75 4 51 30 72 90 17
9 71 2 14 80 31 92 51 64 32
9 43 27 46 22 8 30 98 64 35
9 41 46 5 67 19 42 49 96 63
9 100 8 65 22 80 21 7 36 8
9 23 71 94 21 37 2 8 25 100
9 75 74 74 8 59 83 49 36 86
9 18 73 30 43 81 95 51 72 5
9 29 51 27 4 7 26 29 50 41
9 56 66 82 76 14 12 20 86 50
9 13 17 97 100 78 63 12 99 64
9 40 23 17 58 2 64 30 19 77
9 68 8 32 4 73 52 14 26 39
9 9 89 97 18 23 24 58 93 90
9 36 77 17 32 76 50 37 45 8
9 1 34 58 27 94 24 70 55 94
9 16 82 19 63 42 59 75 79 58
9 27 72 85 94 92 9 4 87 48
9 63 76 29 7 84 19 22 43 82
9 37 51 3 54 84 42 42 89 15
9 16 30 67 6 3 29 63 51 48
9 96 99 56 46 21 28 62 47 79
9 52 19 16 16 16 56 85 86 73
9 65 79 63 51 81 62 89 44 32
9 63 82 50 33 27 13 72 26 59
9 24 68 89 10 89 14 33 57 77
9 14 48 90 17 64 13 88 6 65
9 60 44 15 69 8 93 81 100 17
9 54 67 62 54 96 56 66 43 92
9 78 76 58 63 92 15 73 37 96
9 59 76 12 87 68 94 74 46 56
9 7 26 28 26 36 30 54 30 35
9 59 55 51 9 79 80 33 33 81
9 55 69 31 91 61 34 23 75 1
9 36 45 87 46 87 7 92 24 23
9 30 87 99 93 45 84 17 70 26
9 35 45 68 71 64 59 73 42 88
9 45 85 46 54 97 88 14 52 13
9 100 32 82 48 76 99 5 96 54
9 65 58 40 36 84 94 4 83 55
9 38 83 45 78 48 45 100 48 100
9 31 72 78 69 29 10 48 40 94
9 20 54 8 11 60 10 65 90 44
9 54 6 21 85 30 89 44 93 27
9 10 96 39 89 65 74 65 71 58
9 80 28 22 71 43 21 97 67 83
9 17 16 5 15 83 75 73 76 61
9 31 72 46 84 84 59 98 2 50
9 53 63 27 38 27 20 92 11 9
9 11 51 83 87 16 27 68 78 73
9 53 37 61 86 1 38 12 64 23
9 79 76 87 73 62 69 82 57 83
9 91 60 93 61 56 53 51 87 92
9 66 24 1 97 94 57 38 26 93
9 72 32 27 63 9 6 66 63 84
9 1 32 6 100 85 67 52 91 44
9 32 22 21 7 54 49 95 40 69
9 90 3 71 38 27 22 16 24 55
9 15 11 40 34 12 4 42 20 31
9 54 59 93 90 99 96 73 56 81
9 9 18 40 52 51 62 84 25 43
9 31 3 43 83 99 88 64 96 89
9 99 94 20 48 7 77 39 77 26
9 78 28 15 64 86 32 95 30 46
9 25 78 52 38 46 25 15 55 13
9 24 33 6 56 31 6 80 88 53
9 11 73 50 22 10 66 28 60 70
9 78 44 38 39 36 97 38 2 11
9 23 13 62 83 41 58 57 29 69
9 32 86 73 28 56 68 8 70 74
9 80 34 88 84 6 9 61 98 26
9 97 66 69 19 39 94 52 100 13
9 71 16 93 5 70 64 29 10 88
9 81 2 68 33 71 11 98 17 22
0
