9 35 59 2 3 7 86 69 48 94
9 16 58 36 69 45 31 15 52 90
9 30 95 4 98 98 95 55 42 67
9 13 83 19 94 66 66 68 69 65
9 58 62 49 3 11 61 97 23 97
9 91 42 27 43 92 24 37 56 33
9 8 95 10 51 54 14 4 64 24
9 34 6 4 92 41 67 54 30 57
9 4 2 9 4 16 52 67 75 66
9 31 65 47 91 32 18 92 13 37
9 76 79 95 98 25 40 88 7 4
9 53 66 96 92 35 18 54 30 23
9 54 76 94 52 28 10 25 27 79
9 66 78 27 56 85 11 61 86 32
9 19 25 47 100 69 47 7 55 88
9 20 52 26 10 40 95 18 84 93
9 93 19 20 79 6 87 2 40 68
9 2 53 34 6 23 93 80 76 61
9 42 94 38 24 5 74 11 7 23
9 87 11 18 12 27 94 20 57 62
9 66 44 21 75 1 6 78 48 3
9 66 76 10 18 44 92 62 35 50
9 87 46 30 55 58 89 22 25 70
9 10 19 47 89 8 17 41 27 35
9 78 32 48 2 1 25 35 27 98
9 38 96 7 18 94 30 67 59 11
9 31 96 4 54 26 50 79 90 52
9 69 89 88 97 77 96 23 45 69
9 24 49 70 94 87 71 95 81 71
9 19 7 63 26 95 10 6 98 69
9 21 30 91 2 98 2 84 44 94
9 100 78 9 6 43 33 73 61 28
9 50 88 36 49 70 41 53 59 4
9 3 42 38 58 23 38 43 46 35
9 2 17 32 42 22 69 85 52 31
9 73 62 85 85 41 95 79 62 70
9 35 53 80 6 8 39 81 88 1
9 55 57 40 29 93 38 16 4 76
9 89 4 36 2 36 36 12 34 36
9 80 29 41 36 51 46 10 17 53
9 3 3 97 16 4 98 79 99 43
9 24 64 94 75 5 36 81 72 1
9 92 79 72 84 41 42 88 33 23
9 58 68 73 63 72 77 14 23 79
9 77 11 95 29 25 28 5 87 27
9 22 14 55 36 94 12 66 56 65
9 97 39 17 13 11 51 39 97 14
9 47 33 90 6 51 13 90 53 77
9 14 44 4 27 75 90 35 6 1
9 69 4 93 57 28 78 66 68 68
9 63 16 80 86 70 17 60 6 4
9 26 57 76 93 5 71 70 67 43
9 23 50 72 48 10 62 32 88 48
9 94 51 84 96 77 88 90 16 45
9 64 18 1 9 95 63 83 92 72
9 66 83 92 20 25 91 89 72 47
9 56 69 56 4 91 45 60 61 41
9 26 87 26 9 77 87 44 48 28
9 8 26 65 23 1 3 43 56 80
9 27 75 20 79 80 86 70 3 35
9 68 81 30 16 97 37 85 87 100
9 11 35 85 19 23 98 83 93 64
9 72 5 43 8 63 36 27 97 65
9 42 1 44 98 23 45 96 80 10
9 45 15 49 41 90 98 73 22 19
9 27 79 38 77 28 17 32 50 9
9 73 80 70 79 75 26 57 25 5
9 99 76 89 58 38 28 8 86 96
9 41 94 12 66 7 94 33 72 63
9 10 81 31 4 83 25 55 34 15
9 72 84 21 15 72 99 32 77 36
9 70 79 80 51 72 43 24 84 2
9 88 24 57 11 81 22 31 96 90
9 30 96 89 70 99 4 79 93 8
9 62 79 16 6 31 80 73 91 97
9 61 98 15 13 62 25 11 71 61
9 94 25 52 12 76 82 54 15 86
9 43 20 40 26 26 72 44 14 20
9 22 100 92 45 48 80 60 76 24
9 13 63 94 3 77 81 26 50 78
9 81 7 31 47 27 54 55 47 92
9 94 30 32 73 45 61 51 80 14
9 55 59 99 30 4 48 13 49 68
9 87 96 49 11 24 77 73 58 15
9 51 48 9 27 18 8 52 65 68
9 28 21 29 46 50 8 36 69 1
9 77 91 73 35 39 95 78 39 6
9 22 90 12 56 78 19 61 14 21
9 69 56 50 42 1 50 29 46 81
9 32 13 62 53 74 44 81 43 70
9 80 6 51 100 12 18 93 71 85
9 28 79 47 71 13 80 10 23 15
9 27 13 13 9 38 66 55 29 54
9 69 44 11 88 16 19 74 34 34
9 68 6 24 36 89 9 3 7 35
9 94 16 66 96 48 66 57 5 67
9 21 2 61 62 74 12 53 61 28
9 46 72 65 73 92 58 54 67 89
9 68 70 23 43 34 69 4 36 21
9 5 58 33 14 43 29 14 53 67
0
