9 32 25 87 42 34 28 30 94 47
9 83 22 44 9 75 29 37 28 58
9 61 62 93 19 6 35 35 73 75
9 58 34 44 93 62 71 4 47 59
9 62 58 34 33 88 45 37 62 27
9 66 73 76 44 37 66 48 62 45
9 86 76 32 62 44 80 33 1 70
9 98 53 60 52 51 33 4 96 46
9 32 25 5 24 45 30 60 22 96
9 95 71 12 40 16 23 50 95 87
9 86 53 6 49 100 23 53 17 86
9 68 95 26 88 42 75 80 21 40
9 62 91 14 39 93 32 24 5 10
9 14 55 88 91 64 91 72 36 16
9 87 37 15 48 89 76 91 100 57
9 87 69 65 18 4 50 61 35 63
9 17 69 83 41 97 57 79 50 32
9 98 1 73 84 18 62 28 91 88
9 26 95 54 34 20 7 18 5 58
9 88 2 48 34 66 49 26 2 97
9 37 18 66 12 66 80 12 22 49
9 91 38 16 21 81 32 14 15 31
9 81 1 14 15 76 61 5 80 100
9 93 90 1 69 36 61 49 70 51
9 58 55 18 25 52 42 79 10 41
9 96 36 37 79 45 12 81 73 83
9 68 95 92 72 45 42 86 89 14
9 48 81 18 73 1 42 22 9 31
9 12 69 97 37 63 37 24 68 21
9 78 37 75 67 66 99 66 67 14
9 92 59 23 19 27 6 46 81 16
9 8 71 30 45 95 66 14 64 33
9 91 6 82 58 90 40 3 55 96
9 91 52 81 93 72 27 63 31 25
9 23 54 16 6 26 55 45 38 24
9 74 17 87 87 42 33 38 97 8
9 41 13 23 46 61 19 39 57 35
9 32 4 46 52 22 86 35 90 48
9 61 78 12 6 48 40 14 86 15
9 96 5 62 78 77 83 66 89 38
9 32 21 4 65 20 56 100 17 92
9 91 97 26 41 33 67 13 72 91
9 72 16 80 84 48 43 11 92 76
9 42 87 15 65 89 6 14 92 39
9 40 81 47 94 85 99 99 98 44
9 3 57 28 42 40 52 3 68 1
9 85 52 87 3 83 75 74 52 62
9 26 19 52 62 41 21 75 44 51
9 6 67 52 32 35 68 31 96 72
9 81 69 9 54 49 68 21 1 28
9 95 4 48 69 21 49 48 86 6
9 87 48 82 45 26 90 74 60 32
9 84 62 85 28 79 71 14 73 17
9 84 19 72 70 42 68 60 80 18
9 90 66 7 33 77 54 99 86 44
9 21 43 4 96 57 24 54 58 23
9 32 66 95 88 9 90 23 76 52
9 62 19 100 70 22 5 46 45 39
9 61 14 62 55 22 7 64 86 91
9 81 86 24 20 27 97 17 96 86
9 3 95 4 37 36 51 16 51 19
9 27 78 43 31 32 56 66 65 60
9 90 85 69 27 41 65 72 92 85
9 35 39 48 82 50 35 34 89 100
9 10 61 33 66 27 99 16 91 95
9 59 10 52 94 71 14 97 54 24
9 19 92 14 6 73 76 43 95 68
9 49 24 93 32 47 35 9 40 65
9 89 24 12 73 55 44 98 57 20
9 26 100 88 78 44 24 88 5 74
9 70 80 55 71 66 7 91 6 59
9 4 29 26 92 99 86 32 30 57
9 89 12 75 96 9 71 93 75 87
9 67 40 82 16 36 38 81 53 100
9 97 27 43 15 27 65 33 77 13
9 69 73 96 18 63 71 58 4 99
9 97 100 85 61 40 90 95 17 84
9 44 14 5 35 40 100 58 76 50
9 68 68 28 85 36 35 43 48 16
9 27 67 94 18 11 9 82 3 18
9 33 56 34 6 41 57 50 38 51
9 6 83 80 20 16 73 60 8 54
9 75 4 51 4 15 30 71 93 3
9 99 17 54 49 94 42 50 4 17
9 66 89 22 79 28 31 18 12 16
9 97 39 98 91 1 12 49 70 32
9 52 38 42 50 14 40 12 58 97
9 57 47 3 41 13 11 6 57 81
9 93 49 74 35 43 21 78 40 19
9 34 15 58 39 60 91 33 71 98
9 75 42 54 26 40 60 72 75 78
9 35 81 49 73 10 32 96 86 72
9 55 96 98 35 98 43 15 14 67
9 36 3 98 80 92 95 52 4 80
9 54 33 61 39 2 75 56 90 64
9 24 76 31 70 44 84 46 71 44
9 23 42 20 58 57 28 2 25 56
9 1 65 11 14 59 10 58 34 99
9 25 40 31 26 22 81 16 42 35
9 51 7 18 80 98 93 67 86 78
0
