9 46 15 74 62 2 48 93 75 43
9 71 49 14 7 53 63 15 11 39
9 65 91 18 9 20 29 63 14 86
9 13 78 13 25 29 61 87 64 54
9 72 37 16 3 20 31 3 13 1
9 55 85 68 95 5 7 49 49 61
9 85 29 89 61 17 73 48 8 74
9 44 99 14 60 27 45 9 68 48
9 44 13 88 91 70 5 94 34 88
9 94 25 91 49 26 42 72 69 62
9 53 67 77 53 92 59 24 97 21
9 35 57 83 63 70 32 31 36 49
9 11 34 58 22 93 57 55 58 38
9 87 64 77 38 14 73 17 100 91
9 20 77 63 72 73 25 24 92 21
9 48 91 46 50 61 48 94 62 87
9 87 6 85 60 99 32 6 21 52
9 78 31 85 89 78 32 19 96 47
9 22 33 58 95 52 67 46 7 3
9 9 94 22 44 55 69 72 71 11
9 46 2 96 56 16 12 17 33 43
9 47 82 49 5 98 65 43 26 76
9 42 15 64 56 51 100 83 5 78
9 48 92 93 56 65 26 36 27 22
9 74 77 87 59 48 29 53 70 19
9 45 49 64 74 28 42 23 34 14
9 46 2 40 79 80 38 83 87 21
9 60 3 62 42 14 13 57 71 94
9 87 93 46 27 12 40 32 46 9
9 82 13 48 27 92 63 23 30 41
9 96 62 71 99 66 23 29 1 9
9 93 22 76 16 11 80 70 20 55
9 44 79 40 43 15 99 14 46 32
9 92 76 52 55 15 100 64 72 5
9 42 47 88 36 76 2 16 97 5
9 48 31 37 83 100 22 29 22 22
9 97 78 13 60 13 49 99 31 24
9 47 84 84 29 53 67 86 88 20
9 80 74 28 30 75 11 28 69 19
9 76 87 88 78 15 13 19 82 27
9 89 91 69 66 2 19 70 1 6
9 43 15 70 74 48 96 53 93 89
9 73 62 39 70 25 83 10 42 47
9 26 16 47 57 94 44 41 9 95
9 79 19 40 52 88 79 67 69 72
9 45 12 38 68 44 29 63 32 85
9 88 6 16 61 87 79 42 49 91
9 87 96 73 17 12 77 82 57 12
9 83 69 79 9 31 94 64 66 36
9 89 29 97 95 97 8 21 8 7
9 68 55 75 14 27 8 6 61 39
9 81 19 52 5 51 30 37 2 21
9 35 23 57 57 54 30 78 73 40
9 26 69 4 79 65 55 40 27 97
9 2 81 52 94 36 64 88 2 89
9 42 9 30 85 9 52 69 62 74
9 73 37 28 93 51 9 64 14 73
9 91 95 12 59 78 79 15 26 84
9 4 6 54 79 96 68 78 62 53
9 34 63 63 71 38 54 91 15 38
9 68 50 56 100 73 73 50 66 85
9 46 6 30 63 15 6 48 39 12
9 6 7 66 19 95 30 78 45 41
9 37 77 80 74 5 60 44 93 53
9 59 87 90 6 90 76 3 90 76
9 59 20 81 89 84 31 76 79 26
9 82 71 42 92 67 74 13 8 75
9 85 81 47 20 70 32 81 24 56
9 86 85 86 54 92 36 8 12 51
9 75 88 54 17 20 4 4 48 28
9 5 38 58 83 8 18 40 67 84
9 19 88 74 40 97 54 36 4 87
9 80 26 99 12 85 22 8 14 68
9 15 27 69 18 96 44 49 89 44
9 21 56 73 29 37 15 90 40 41
9 23 96 5 16 24 79 29 16 2
9 10 40 35 80 94 4 13 14 93
9 64 42 18 6 21 52 7 89 73
9 95 43 30 29 85 16 26 61 91
9 70 34 80 13 51 68 62 46 44
9 98 43 30 79 10 100 37 54 12
9 57 79 12 78 29 31 51 33 59
9 66 95 58 60 39 73 16 61 28
9 8 62 51 72 13 46 100 20 29
9 19 17 25 69 92 23 51 77 29
9 36 24 79 99 60 13 84 30 24
9 74 56 2 74 66 71 84 71 85
9 11 54 62 77 98 30 91 76 30
9 93 32 36 36 79 11 90 14 39
9 65 18 63 92 79 39 69 44 96
9 31 62 50 31 45 12 31 59 86
9 52 33 4 72 14 44 81 82 52
9 38 76 98 32 18 94 76 60 30
9 53 35 77 1 4 18 4 84 86
9 53 26 4 70 75 90 22 15 40
9 61 48 24 48 65 36 47 75 23
9 11 27 80 12 74 17 5 55 1
9 92 1 57 14 73 60 17 94 10
9 88 28 32 93 21 78 26 66 60
9 31 19 7 17 73 79 36 3 89
0
