9 74 15 57 37 69 37 42 86 44
9 83 98 39 81 20 8 26 66 76
9 45 82 89 51 28 83 25 12 4
9 66 73 41 82 49 1 80 63 91
9 41 23 98 21 14 40 56 26 48
9 49 5 25 14 64 18 20 86 75
9 88 11 8 11 33 32 38 34 76
9 63 6 31 48 99 84 65 80 16
9 28 9 29 11 60 15 85 99 87
9 68 40 50 20 17 10 57 90 71
9 47 89 1 74 83 99 31 100 79
9 83 63 17 86 65 10 41 9 69
9 60 55 61 14 48 40 13 1 56
9 67 28 16 73 8 50 77 3 55
9 45 53 35 16 64 28 1 18 14
9 74 36 81 12 9 12 45 32 37
9 27 80 3 76 61 88 32 64 7
9 7 35 98 36 83 24 14 2 95
9 7 33 2 91 9 30 50 44 87
9 10 62 69 75 20 55 13 21 41
9 32 75 83 41 91 19 93 6 51
9 88 60 44 23 91 57 47 52 38
9 99 70 45 51 49 94 75 99 55
9 27 44 75 68 29 13 86 8 55
9 12 89 28 73 80 36 91 41 80
9 11 21 50 36 53 36 8 79 32
9 22 3 18 30 82 82 46 1 50
9 91 95 31 38 55 76 56 24 33
9 84 84 63 44 24 36 16 57 49
9 13 11 70 21 66 39 5 60 80
9 8 66 48 55 49 37 2 83 44
9 3 34 4 94 7 99 36 97 57
9 99 12 40 81 96 39 53 14 55
9 50 50 58 4 32 59 29 36 6
9 81 36 63 94 15 81 78 2 93
9 10 84 32 57 40 61 26 87 10
9 64 85 54 22 42 71 89 7 56
9 97 93 61 69 13 84 11 26 80
9 35 96 4 22 57 36 88 92 63
9 18 94 87 24 35 55 72 38 33
9 24 18 56 27 52 80 71 65 7
9 40 72 36 46 57 96 64 87 38
9 22 38 86 92 6 25 70 66 100
9 61 61 56 88 27 86 37 53 60
9 61 2 37 97 90 88 44 28 72
9 17 5 49 17 48 49 8 90 8
9 71 7 57 84 89 51 55 20 86
9 21 69 71 82 47 2 73 18 13
9 94 61 20 46 63 92 47 72 57
9 88 33 17 62 23 42 47 15 92
9 61 67 44 58 54 61 31 41 55
9 96 12 46 72 18 71 81 41 79
9 92 86 78 35 7 53 35 78 3
9 67 83 17 4 22 72 86 73 1
9 97 69 66 86 2 98 27 89 61
9 86 74 66 30 95 82 82 70 56
9 87 27 69 78 64 6 38 49 12
9 87 92 63 70 4 22 88 12 19
9 61 98 50 58 42 23 9 84 71
9 29 86 58 42 22 85 59 41 59
9 14 18 62 75 3 7 63 20 38
9 93 35 34 87 47 51 75 53 88
9 95 4 25 66 5 26 51 4 100
9 9 17 100 74 6 36 41 80 91
9 2 16 68 34 14 30 62 7 45
9 14 28 10 2 73 51 61 42 24
9 46 34 10 73 2 65 47 39 97
9 50 28 20 60 42 15 76 8 57
9 97 24 32 31 52 57 81 11 14
9 28 44 78 96 99 96 92 70 25
9 81 7 35 3 5 57 82 95 74
9 27 11 3 17 64 59 55 49 82
9 15 23 5 2 91 24 8 55 36
9 22 3 77 84 5 8 81 30 88
9 46 96 83 2 25 70 42 31 57
9 8 22 63 80 33 1 64 16 38
9 49 83 12 69 88 18 9 33 52
9 59 45 45 98 79 36 94 54 85
9 51 35 53 87 84 40 51 56 54
9 75 24 45 46 36 43 7 31 90
9 13 5 76 15 21 48 94 14 92
9 87 68 52 52 40 58 22 98 12
9 44 81 53 26 8 36 11 10 24
9 27 22 93 55 84 43 94 31 88
9 7 87 48 4 12 25 88 34 45
9 26 26 79 46 96 11 71 49 65
9 95 92 49 74 89 64 57 41 30
9 86 51 91 67 92 63 34 71 27
9 54 100 99 68 88 41 93 51 38
9 43 68 18 70 41 46 91 8 77
9 49 67 53 63 1 12 55 28 67
9 50 33 4 86 59 39 56 18 13
9 46 67 49 73 16 12 23 65 46
9 57 40 37 75 11 53 23 98 11
9 32 19 5 73 95 95 32 84 47
9 4 97 70 35 17 42 94 36 9
9 94 99 85 17 73 83 80 47 46
9 53 20 1 66 17 58 61 43 15
9 91 11 29 44 12 15 85 97 65
9 50 68 52 36 47 70 65 85 77
0
