9 64 17 79 100 65 79 86 53 44
9 61 40 32 19 94 52 61 47 98
9 98 63 80 86 92 18 34 74 13
9 87 82 21 19 2 14 69 41 47
9 56 24 47 63 86 86 51 90 67
9 97 52 30 15 59 56 52 88 68
9 69 46 85 20 25 53 20 87 64
9 64 44 17 13 70 23 28 28 22
9 48 90 36 65 29 40 14 2 96
9 83 56 74 63 51 10 81 3 22
9 42 98 66 100 83 18 66 58 33
9 49 42 92 48 82 59 43 46 96
9 91 95 3 4 7 34 88 33 91
9 48 86 68 64 8 61 52 2 80
9 48 1 15 52 43 6 49 99 51
9 61 11 43 8 4 95 35 81 25
9 23 68 5 1 50 30 2 11 56
9 78 94 9 86 21 7 17 75 79
9 44 50 52 1 90 69 87 4 85
9 63 28 88 83 16 17 69 3 67
9 46 34 92 69 85 72 65 84 9
9 77 53 61 51 87 83 74 63 75
9 88 66 20 23 82 75 85 85 57
9 55 84 61 97 62 33 47 87 27
9 26 81 49 81 50 76 48 30 47
9 51 62 37 62 92 77 78 69 88
9 19 62 4 18 20 88 57 72 53
9 45 10 37 15 53 9 59 79 96
9 87 9 59 64 26 73 87 83 89
9 65 89 71 46 3 71 66 80 23
9 18 59 55 77 81 71 68 45 100
9 78 6 76 83 82 39 32 31 87
9 41 36 99 28 8 85 65 17 5
9 56 64 50 57 42 85 37 15 82
9 22 37 25 66 11 67 10 58 85
9 33 54 78 82 74 95 67 74 68
9 55 16 100 58 11 71 40 62 23
9 92 21 2 65 89 80 32 92 13
9 63 8 93 91 92 51 12 66 79
9 57 65 39 27 91 2 67 34 96
9 10 32 76 23 13 27 33 14 80
9 24 26 84 96 89 41 96 74 96
9 10 79 1 93 46 74 62 81 24
9 82 10 98 20 55 2 54 75 83
9 65 6 41 100 24 17 93 70 67
9 75 63 36 73 21 65 45 100 58
9 96 46 99 83 43 84 45 47 72
9 100 59 19 19 96 50 54 13 32
9 86 57 9 93 92 2 95 27 7
9 58 70 89 51 85 84 48 3 66
9 49 60 36 68 8 39 19 57 70
9 36 32 14 1 48 34 4 18 81
9 27 94 100 43 64 27 64 16 37
9 55 10 10 23 30 74 24 52 29
9 72 76 13 6 61 89 19 54 94
9 82 27 14 68 90 44 8 55 18
9 3 24 61 100 90 55 26 13 99
9 83 1 92 95 89 34 94 67 52
9 72 90 43 83 95 91 94 35 62
9 88 98 27 91 80 13 49 43 83
9 14 34 85 73 6 85 60 14 46
9 80 92 14 85 48 83 24 20 37
9 57 34 18 59 85 32 23 63 4
9 26 33 97 15 28 29 19 18 93
9 32 79 17 99 66 71 90 92 68
9 82 45 45 2 38 90 88 84 89
9 89 32 22 9 90 88 56 74 45
9 47 44 94 85 26 62 95 88 92
9 73 77 78 71 4 50 91 35 49
9 40 28 29 83 67 14 10 27 41
9 50 26 37 70 20 16 33 80 55
9 16 52 23 51 96 17 6 18 24
9 40 40 93 88 50 27 66 4 44
9 79 64 97 42 85 71 67 17 22
9 38 27 45 96 67 18 17 73 57
9 15 4 59 49 78 44 24 95 42
9 55 46 61 6 98 51 46 65 63
9 35 17 48 31 35 9 52 92 99
9 65 13 93 51 5 33 24 4 11
9 58 29 98 44 36 69 17 4 43
9 34 29 61 62 11 67 16 76 16
9 7 98 100 78 72 17 64 33 74
9 76 50 76 52 93 32 75 49 54
9 46 52 1 91 63 44 58 17 20
9 68 60 41 68 39 15 41 50 35
9 35 8 48 61 39 25 31 3 27
9 10 52 65 51 51 13 20 53 90
9 25 42 90 2 68 99 86 35 36
9 53 27 17 14 48 49 65 33 60
9 44 10 82 27 77 78 33 60 98
9 76 59 14 50 38 69 83 85 47
9 77 16 82 38 32 10 11 75 72
9 23 1 100 87 79 14 57 13 71
9 63 13 76 59 23 48 22 68 75
9 38 37 9 47 29 42 75 35 19
9 43 97 2 59 60 69 80 2 25
9 25 68 7 19 54 65 72 92 75
9 83 41 85 51 44 38 43 36 48
9 80 69 68 30 29 58 78 98 77
9 2 87 29 82 100 55 52 32 96
0
