9 86 45 66 2 99 44 77 40 92
9 94 14 39 73 52 16 81 96 38
9 84 4 30 58 41 99 99 92 68
9 71 16 1 4 80 86 46 31 58
9 92 91 25 27 85 96 27 43 32
9 10 41 35 1 67 72 94 13 97
9 14 94 43 42 12 7 93 26 74
9 60 42 33 100 63 13 72 73 74
9 40 90 84 88 64 8 66 57 4
9 62 62 20 30 73 69 59 25 43
9 39 96 94 37 100 30 97 20 96
9 42 19 66 44 42 99 1 89 13
9 54 88 100 45 26 70 17 1 46
9 8 86 6 11 49 64 62 89 16
9 32 8 93 59 79 99 42 51 56
9 81 8 65 19 64 69 32 55 78
9 97 84 49 46 28 83 45 51 67
9 90 95 48 97 5 18 89 69 36
9 1 65 61 78 7 65 85 85 17
9 66 74 54 67 99 55 75 71 71
9 1 90 41 86 3 42 52 10 20
9 30 48 13 57 46 75 1 32 58
9 54 45 24 9 3 31 8 7 51
9 11 94 51 90 7 64 65 24 28
9 45 28 84 26 34 84 12 40 33
9 78 96 71 76 57 84 49 75 37
9 37 38 72 11 12 31 31 33 18
9 39 90 80 100 79 63 64 46 58
9 12 55 20 58 17 22 36 91 69
9 81 15 65 56 86 76 80 25 78
9 78 20 87 32 99 75 78 67 38
9 25 4 31 11 87 62 11 61 68
9 37 82 80 84 74 100 37 9 58
9 92 51 45 92 76 45 75 33 33
9 62 38 25 2 73 85 39 40 65
9 4 7 88 50 48 61 13 39 18
9 11 92 47 18 64 22 18 12 84
9 21 65 26 40 19 54 61 30 8
9 99 55 6 19 26 6 8 18 86
9 40 81 83 53 99 41 82 61 83
9 88 28 74 30 86 76 17 7 18
9 27 75 76 38 43 26 43 40 9
9 85 29 48 16 20 27 54 81 82
9 37 92 2 66 72 37 7 14 14
9 89 67 82 1 41 75 10 74 28
9 85 83 62 92 66 91 52 8 20
9 25 17 62 10 23 28 59 40 80
9 17 27 82 2 73 46 9 60 28
9 59 78 10 60 9 56 18 10 80
9 81 95 56 35 28 73 22 86 90
9 63 65 83 16 9 66 66 73 54
9 59 49 49 23 13 99 29 11 78
9 21 54 2 97 31 94 41 17 21
9 34 27 11 14 70 26 52 63 49
9 82 79 77 25 35 32 81 16 78
9 22 13 23 73 11 23 8 84 22
9 21 97 25 66 24 64 17 34 50
9 29 93 41 56 49 99 52 6 65
9 32 19 26 47 3 49 12 49 29
9 80 39 6 37 97 62 63 28 24
9 86 27 57 25 95 56 14 95 33
9 34 79 86 48 86 21 21 6 60
9 100 33 30 29 22 61 19 92 14
9 58 38 16 93 31 7 99 24 95
9 47 94 51 59 39 10 87 8 35
9 91 79 25 38 60 74 74 38 6
9 52 21 72 74 58 34 77 34 60
9 90 4 16 50 80 95 8 4 5
9 74 83 11 82 19 76 36 12 8
9 31 56 36 96 89 51 77 16 68
9 96 7 27 92 49 98 92 22 58
9 96 76 41 79 40 49 54 55 40
9 76 22 66 62 8 29 44 39 92
9 69 40 24 91 42 47 19 28 35
9 57 43 32 5 5 35 4 41 82
9 45 32 16 47 50 18 69 17 62
9 13 49 100 87 66 7 22 4 44
9 99 24 21 64 37 43 60 8 52
9 55 74 41 37 53 7 12 83 62
9 25 41 59 31 13 56 85 25 57
9 34 53 2 15 84 13 43 77 91
9 2 83 62 83 37 64 83 89 44
9 30 56 57 28 1 59 21 2 70
9 31 16 87 7 84 88 58 22 61
9 94 50 19 55 73 80 54 12 9
9 75 76 44 54 86 55 25 86 14
9 84 98 23 18 2 60 26 93 21
9 44 4 40 20 99 19 95 29 27
9 46 10 63 79 91 65 18 100 34
9 28 59 25 35 43 11 97 9 46
9 13 71 77 57 76 21 58 55 15
9 93 22 65 14 41 58 93 74 87
9 97 96 8 31 59 26 74 46 45
9 18 86 56 64 74 37 64 42 21
9 96 15 74 83 48 11 100 14 75
9 78 66 3 43 40 54 89 68 70
9 59 94 57 13 32 31 36 51 28
9 63 77 33 25 7 5 38 68 89
9 82 52 73 95 43 9 60 88 63
9 97 63 2 90 71 20 3 3 29
0
