9 35 61 74 82 81 8 85 100 77
9 20 51 51 64 77 65 57 44 4
9 21 38 17 99 93 27 51 88 64
9 92 61 10 48 60 47 21 48 66
9 84 58 62 33 82 76 17 48 30
9 61 89 33 65 29 52 21 57 60
9 65 93 75 87 48 59 73 1 52
9 67 75 16 13 65 47 32 55 90
9 9 15 1 19 14 24 95 37 29
9 89 61 86 85 23 24 45 18 39
9 31 54 22 55 16 81 80 4 15
9 41 23 22 60 25 45 69 53 59
9 13 47 17 17 32 66 72 89 91
9 5 32 76 49 87 41 92 79 9
9 87 16 93 74 92 1 49 17 41
9 82 84 49 85 16 29 80 42 80
9 89 79 4 99 37 14 76 29 55
9 77 34 5 28 18 89 89 67 26
9 21 17 47 92 55 47 79 41 75
9 30 79 71 43 79 36 15 43 27
9 49 5 69 34 61 80 65 78 52
9 51 7 7 5 92 6 94 43 35
9 65 2 52 64 81 62 76 50 82
9 26 82 47 27 5 29 26 13 92
9 54 79 36 41 45 23 84 31 68
9 4 2 2 79 79 99 67 23 97
9 96 11 2 24 38 77 87 40 69
9 25 59 54 75 82 43 100 33 56
9 98 86 64 5 15 22 19 71 89
9 68 86 51 83 65 12 20 94 54
9 63 31 14 12 57 87 97 100 83
9 65 43 5 28 18 15 45 67 84
9 23 57 19 79 91 1 97 50 57
9 41 49 79 81 18 42 12 28 36
9 66 47 9 20 69 69 23 15 47
9 39 56 24 62 29 32 27 59 68
9 75 22 64 96 44 15 7 63 89
9 100 41 38 36 92 57 54 77 95
9 82 21 91 58 20 11 5 17 36
9 4 25 38 54 9 55 79 60 44
9 45 12 85 8 24 94 75 51 27
9 100 42 82 7 57 65 47 38 54
9 12 50 66 90 1 4 86 52 98
9 23 81 57 91 27 35 44 80 75
9 100 23 93 7 88 60 85 73 33
9 40 42 32 21 3 43 1 31 67
9 38 50 41 39 5 64 48 64 59
9 53 15 7 80 70 95 88 85 72
9 88 84 70 54 22 30 54 99 3
9 21 77 42 36 62 58 98 23 4
9 92 17 79 83 88 85 96 4 8
9 35 63 91 22 56 70 23 92 69
9 1 87 32 82 88 40 62 99 81
9 50 77 71 18 3 15 99 12 42
9 64 56 79 29 2 85 70 60 48
9 87 75 35 36 98 76 10 12 33
9 5 91 21 59 86 72 91 98 98
9 44 18 13 22 62 1 89 64 57
9 44 40 27 10 63 55 19 98 18
9 78 86 83 55 30 34 60 11 22
9 15 10 73 95 26 3 88 19 97
9 78 6 13 45 3 39 96 9 41
9 72 38 93 78 2 59 63 19 15
9 91 42 5 76 32 89 12 14 77
9 43 52 94 65 16 78 75 36 49
9 5 14 77 22 54 50 60 41 25
9 8 71 31 61 26 64 66 40 71
9 38 62 93 86 33 36 83 52 23
9 45 71 1 50 50 93 99 44 41
9 96 34 87 32 80 19 77 57 2
9 16 15 37 87 30 70 35 57 62
9 83 34 95 98 78 31 20 87 10
9 77 52 8 68 57 99 94 81 26
9 11 88 81 43 69 55 38 52 67
9 39 58 92 77 92 14 88 50 83
9 41 6 58 41 37 57 82 10 24
9 100 80 60 22 30 10 59 19 12
9 50 29 73 10 56 83 17 58 100
9 94 95 31 6 56 51 10 16 80
9 46 86 19 97 2 13 83 35 23
9 52 69 8 12 92 98 41 86 24
9 70 25 71 95 6 44 98 54 97
9 1 10 51 38 39 50 57 79 93
9 21 48 34 28 44 42 68 18 46
9 95 88 40 11 62 85 19 84 64
9 52 92 86 30 29 86 97 45 49
9 74 81 46 62 9 22 17 55 98
9 93 21 38 82 27 49 89 81 52
9 91 13 99 96 22 62 20 32 19
9 75 27 29 48 17 41 38 100 20
9 38 7 28 22 33 89 20 37 16
9 50 54 32 60 2 75 30 98 20
9 87 98 24 91 76 83 15 80 12
9 16 33 79 72 29 8 78 57 22
9 49 21 40 52 64 39 14 69 85
9 69 75 47 64 59 89 51 98 56
9 21 37 47 68 69 92 97 45 13
9 92 51 41 12 35 7 32 68 22
9 18 66 86 53 12 69 23 54 85
9 72 94 26 28 59 23 29 43 95
0
