10 65 79 82 54 95 7 15 73 10 43
10 23 9 36 6 12 13 68 39 76 16
10 11 1 24 31 47 4 79 99 44 74
10 19 43 52 76 85 77 98 60 53 31
10 20 72 2 74 41 65 75 79 86 26
10 84 98 69 39 88 80 60 30 7 21
10 88 41 85 8 82 46 62 63 3 33
10 54 82 100 24 8 11 33 65 10 88
10 28 100 11 18 31 16 93 39 26 17
10 100 63 86 75 57 70 45 30 40 1
10 99 14 44 44 36 63 4 49 41 74
10 11 76 94 18 33 27 17 62 46 37
10 48 80 73 94 69 60 61 29 43 11
10 32 11 1 71 75 56 39 83 2 52
10 9 76 3 56 32 32 35 2 20 66
10 94 91 12 99 46 29 66 88 86 14
10 14 54 16 88 46 43 33 74 36 26
10 87 51 72 55 14 98 78 21 8 55
10 56 17 46 46 69 19 99 46 8 3
10 43 76 84 66 22 61 82 24 9 2
10 41 4 62 96 67 55 79 32 56 29
10 92 65 44 77 74 36 62 87 56 14
10 52 77 94 94 23 28 89 6 11 85
10 46 12 33 20 51 40 1 59 91 21
10 14 73 99 93 61 75 49 95 49 96
10 66 77 9 21 49 50 81 75 94 2
10 64 45 29 24 8 26 47 78 62 69
10 66 29 80 64 78 43 38 51 37 90
10 85 65 56 58 32 45 73 16 13 83
10 64 18 11 97 73 23 13 11 60 100
10 32 15 44 96 11 2 44 6 24 16
10 100 45 98 35 67 54 77 87 37 50
10 86 4 91 66 88 58 68 80 86 74
10 40 46 48 99 29 67 41 32 69 23
10 86 52 67 45 4 92 21 92 99 57
10 55 73 62 64 99 13 92 26 60 55
10 70 92 71 50 65 11 48 60 87 9
10 90 50 37 2 13 76 39 15 40 65
10 46 89 69 98 8 56 37 48 27 90
10 46 72 49 56 43 2 53 56 62 9
10 1 54 5 66 96 13 4 44 98 33
10 12 93 88 16 28 72 8 46 100 35
10 48 62 70 3 67 62 18 78 68 42
10 27 37 32 42 5 72 24 55 2 40
10 31 72 15 51 50 98 12 99 66 21
10 68 9 88 30 56 40 88 71 55 19
10 47 5 71 96 26 42 39 36 92 34
10 36 67 37 68 31 33 90 19 49 7
10 86 62 14 87 34 78 99 80 56 62
10 23 37 17 85 17 10 48 45 65 25
10 85 59 78 32 40 48 7 76 8 99
10 18 48 55 92 92 72 94 29 13 21
10 11 28 92 68 95 18 31 55 31 27
10 37 92 23 78 100 84 96 40 83 31
10 75 10 20 6 59 56 40 30 6 13
10 68 61 25 32 4 47 41 12 99 64
10 49 73 78 92 68 59 13 20 30 57
10 44 32 76 75 59 62 29 85 62 46
10 83 32 76 19 62 82 11 43 54 30
10 42 60 80 6 21 3 75 94 54 53
10 12 46 37 52 14 56 95 43 45 31
10 68 75 16 32 95 35 18 67 55 8
10 78 30 3 70 70 58 60 26 90 91
10 59 82 11 71 46 42 70 71 27 61
10 23 35 56 99 47 55 63 86 53 82
10 26 77 42 46 24 60 9 86 26 56
10 62 34 56 62 83 5 32 79 79 26
10 25 96 71 24 49 43 12 94 89 18
10 80 4 35 95 6 32 7 57 39 6
10 31 55 66 55 84 63 48 8 9 43
10 70 99 47 68 21 90 68 51 52 42
10 49 17 45 24 75 93 13 90 85 30
10 46 8 24 4 58 49 53 53 38 74
10 60 73 3 95 74 37 18 38 60 46
10 26 29 79 77 45 2 64 89 72 13
10 66 77 65 79 60 82 68 14 81 2
10 94 42 26 2 36 66 1 76 16 28
10 69 80 19 16 15 16 8 23 12 80
10 6 77 1 60 19 76 67 95 9 80
10 37 67 22 93 28 42 40 92 62 27
10 4 30 59 7 91 74 84 77 99 58
10 3 33 39 86 96 41 86 61 37 32
10 83 57 8 97 19 13 87 28 81 73
10 67 72 30 79 23 37 61 65 7 5
10 36 52 35 86 41 44 1 30 93 93
10 63 40 50 39 60 75 38 29 51 9
10 59 37 1 66 6 76 60 23 45 48
10 28 74 48 56 10 60 54 27 17 18
10 31 37 100 69 37 11 31 57 69 18
10 70 25 63 64 12 77 61 15 22 76
10 32 14 18 66 76 83 71 54 38 98
10 67 38 2 64 64 28 81 65 66 27
10 45 91 58 59 33 13 95 14 69 40
10 29 17 42 89 67 35 62 55 99 13
10 58 23 61 44 93 23 76 64 86 77
10 45 1 23 45 34 60 32 34 16 39
10 31 9 74 98 98 87 25 83 12 91
10 64 1 53 52 17 85 20 25 15 10
10 19 35 31 4 97 99 70 92 41 65
10 25 26 44 93 24 15 16 10 97 13
0
