10 60 72 76 46 36 31 100 90 11 7
10 85 50 100 26 82 34 13 33 67 54
10 43 20 83 1 50 29 67 47 62 4
10 38 49 76 88 42 31 58 30 58 38
10 54 51 2 43 94 40 20 13 97 24
10 40 31 95 65 9 90 78 75 16 74
10 73 30 50 88 26 39 71 21 4 10
10 22 53 77 72 59 94 100 8 18 68
10 75 35 61 70 88 81 89 80 41 31
10 38 86 100 64 67 92 64 96 34 75
10 54 59 98 35 52 67 39 99 23 25
10 99 95 70 91 86 61 23 76 65 44
10 89 44 9 45 76 22 66 11 33 19
10 43 38 71 49 84 48 87 6 10 49
10 11 64 93 18 37 59 36 30 23 10
10 26 44 88 90 45 71 72 80 47 48
10 4 45 50 90 75 40 33 69 22 93
10 45 29 91 46 18 6 90 79 86 9
10 57 43 52 30 8 41 35 66 66 45
10 34 31 71 25 40 6 16 76 68 25
10 25 47 87 43 60 73 55 9 88 44
10 88 79 80 39 71 72 23 2 22 96
10 78 23 22 68 13 32 84 75 39 41
10 71 83 52 56 92 54 85 22 4 93
10 74 9 3 48 93 33 98 40 40 81
10 42 93 73 65 24 63 97 16 90 89
10 18 15 4 25 39 76 12 47 62 81
10 44 89 46 31 90 28 80 23 94 65
10 6 45 31 43 38 34 8 16 29 40
10 14 35 17 73 8 66 14 29 64 2
10 65 18 61 1 99 21 73 18 59 4
10 75 99 83 90 70 92 10 91 54 80
10 96 2 17 62 11 5 51 87 45 76
10 15 50 7 25 21 65 61 24 12 87
10 45 35 17 15 86 57 34 100 89 49
10 94 2 2 82 30 34 49 9 69 70
10 61 59 33 72 67 41 89 29 52 26
10 8 98 56 61 99 31 18 13 72 21
10 58 94 7 66 3 100 69 82 30 6
10 45 77 40 5 95 52 6 84 25 86
10 91 70 52 40 57 7 98 1 1 74
10 66 44 77 35 22 96 47 29 63 79
10 7 48 56 94 95 39 43 49 43 25
10 16 10 76 17 100 1 39 11 27 68
10 42 41 46 56 31 12 63 76 33 69
10 11 13 3 80 62 7 18 84 72 52
10 96 31 63 59 42 53 72 1 38 58
10 3 31 81 82 44 79 24 37 86 42
10 51 34 81 91 23 48 71 15 54 4
10 3 85 1 11 86 40 9 46 53 19
10 83 40 33 89 38 79 98 54 99 38
10 90 15 32 95 69 26 19 12 86 2
10 13 40 86 83 79 18 69 61 69 99
10 66 59 82 12 19 67 49 22 58 89
10 65 86 12 61 24 93 100 26 38 62
10 37 5 93 28 99 51 57 14 64 78
10 94 4 8 43 98 36 35 10 34 55
10 87 95 13 51 16 30 40 46 49 46
10 88 81 38 90 44 70 65 16 44 84
10 98 16 80 94 61 69 64 99 7 35
10 60 81 53 57 72 35 46 13 62 86
10 53 11 42 9 90 83 95 49 21 83
10 12 64 4 65 32 32 7 46 19 100
10 87 97 45 16 73 22 61 84 78 10
10 47 35 70 80 44 57 36 43 27 62
10 5 64 32 74 58 91 76 15 13 9
10 96 45 33 23 41 61 2 92 73 72
10 11 42 67 68 18 99 5 26 86 2
10 95 35 92 19 72 57 80 37 93 13
10 36 59 38 92 43 71 18 3 80 60
10 71 32 70 51 98 98 88 89 17 33
10 38 92 50 31 54 75 30 79 98 51
10 15 69 91 12 58 47 46 81 81 47
10 55 25 56 40 55 63 8 75 76 25
10 93 64 9 37 38 95 64 9 47 75
10 71 65 74 20 74 39 24 20 18 59
10 78 32 20 85 35 37 86 76 30 35
10 67 41 25 8 75 45 5 10 25 96
10 9 72 44 27 99 57 77 81 31 48
10 99 26 53 10 94 9 45 40 2 72
10 54 57 12 34 72 17 7 41 49 61
10 37 29 60 52 77 58 92 85 45 22
10 79 95 64 71 66 86 42 4 90 20
10 68 38 29 5 75 3 19 43 82 24
10 41 23 4 56 3 25 29 97 42 30
10 53 5 57 29 26 77 41 87 50 39
10 49 48 64 23 52 44 77 66 5 94
10 77 6 68 20 71 81 51 20 22 19
10 66 51 5 59 85 14 81 64 11 73
10 56 66 14 100 90 57 57 53 81 24
10 35 66 41 15 20 93 37 95 19 17
10 46 18 86 81 5 60 86 61 57 36
10 30 65 43 25 10 7 14 98 49 8
10 91 4 12 71 65 43 76 81 26 6
10 28 56 46 21 83 91 22 3 88 40
10 54 9 71 51 80 11 37 99 75 44
10 33 26 19 4 33 56 48 66 96 37
10 63 68 25 81 50 97 54 78 39 21
10 76 18 19 40 2 86 13 40 66 82
10 30 17 35 62 22 93 18 35 41 29
0
