10 20 84 11 31 91 56 37 92 65 25
10 20 6 10 42 81 27 56 50 36 94
10 14 81 7 76 81 21 19 46 66 14
10 25 74 47 62 70 16 62 85 41 48
10 82 76 22 65 53 5 64 76 3 8
10 89 75 80 57 98 37 97 34 50 56
10 21 22 16 47 7 76 36 2 1 43
10 92 16 43 8 100 95 14 64 56 78
10 37 23 62 76 1 84 71 85 41 81
10 48 3 84 40 57 63 27 21 14 30
10 84 4 91 75 98 84 54 47 88 61
10 8 5 24 79 49 96 28 63 65 26
10 35 99 91 87 66 26 38 70 11 62
10 95 92 36 79 29 35 58 81 8 43
10 88 89 1 17 78 1 37 68 10 34
10 89 54 41 64 45 7 100 61 97 29
10 71 90 43 51 9 75 100 64 86 90
10 99 29 41 88 80 95 29 32 59 88
10 6 73 27 92 86 26 74 91 50 13
10 99 74 91 93 91 28 86 93 74 92
10 68 31 74 5 48 30 90 69 87 13
10 73 95 9 3 38 44 25 16 72 89
10 55 37 11 51 27 96 94 11 79 41
10 44 85 79 9 73 28 52 90 78 81
10 74 75 13 78 90 34 60 34 16 87
10 93 15 52 3 39 83 16 55 92 67
10 82 63 90 97 62 68 5 82 78 70
10 50 50 24 18 62 61 2 100 59 54
10 10 61 45 77 4 78 61 13 32 28
10 89 1 28 47 23 66 3 90 9 27
10 62 89 55 16 51 11 41 59 17 95
10 80 96 79 29 10 49 28 69 82 76
10 4 69 34 93 59 33 93 87 93 53
10 9 26 15 26 97 75 65 45 89 41
10 57 1 3 81 90 12 10 57 19 10
10 82 93 68 30 10 50 39 85 10 68
10 4 25 13 48 33 63 48 59 29 69
10 78 43 21 16 91 92 25 1 28 81
10 18 91 24 1 40 14 93 25 75 55
10 67 82 72 9 2 24 25 74 92 53
10 95 10 56 84 3 14 54 49 55 25
10 24 27 92 13 82 5 73 37 16 58
10 12 78 88 79 96 41 51 19 95 8
10 28 51 90 77 44 45 92 12 82 32
10 36 11 75 89 98 69 42 3 33 4
10 81 84 90 92 36 13 78 25 8 33
10 94 17 21 11 40 25 25 5 39 82
10 68 93 32 79 88 43 11 33 1 57
10 9 2 99 4 7 55 76 18 37 35
10 42 6 34 49 67 76 76 74 91 74
10 84 100 95 24 55 22 99 99 80 58
10 43 14 45 67 27 29 2 77 64 4
10 21 32 3 85 44 56 41 22 86 33
10 67 82 4 33 57 22 77 19 48 55
10 52 72 31 83 54 100 71 97 97 48
10 84 3 86 78 58 27 20 66 9 10
10 6 73 7 37 91 55 44 81 54 35
10 76 71 84 14 59 10 94 73 45 98
10 64 41 8 77 24 88 76 3 45 27
10 45 54 96 58 17 20 68 5 9 15
10 86 57 62 12 12 38 1 60 47 80
10 44 68 68 52 15 83 55 39 47 62
10 20 91 54 12 8 81 89 3 100 90
10 16 91 85 61 30 78 3 51 29 66
10 43 75 65 68 45 9 78 54 72 30
10 2 28 100 85 8 74 42 53 65 62
10 62 52 96 77 19 80 81 81 29 64
10 73 31 96 98 2 98 54 40 49 24
10 53 66 61 60 94 47 14 98 46 43
10 71 44 27 41 3 94 72 77 18 52
10 67 47 4 51 28 8 46 22 11 41
10 76 35 63 81 32 7 37 39 94 67
10 48 26 26 46 58 74 15 40 33 89
10 29 80 61 66 53 86 9 89 41 71
10 65 52 19 74 46 66 96 9 94 82
10 74 53 84 87 19 55 40 7 41 37
10 40 27 74 5 74 42 9 8 37 14
10 48 38 24 48 81 42 78 31 36 49
10 21 92 22 17 6 69 57 24 17 80
10 76 51 70 79 18 70 3 3 7 2
10 26 78 78 86 47 83 11 69 88 80
10 52 64 77 86 64 37 94 40 40 81
10 92 25 6 28 23 46 72 96 23 25
10 77 10 99 10 71 24 87 79 5 52
10 66 69 25 38 18 2 7 99 36 1
10 4 58 45 46 65 59 88 99 96 58
10 99 52 53 78 67 81 7 92 83 97
10 83 24 5 31 2 6 29 28 46 58
10 28 55 94 18 93 27 38 9 83 95
10 87 25 30 36 32 73 40 91 43 33
10 20 94 16 72 30 30 7 61 34 6
10 86 94 27 31 93 50 72 100 65 68
10 9 9 88 69 1 49 50 23 45 25
10 94 65 25 96 77 68 95 20 9 91
10 8 75 19 63 71 100 89 49 85 88
10 5 30 31 6 39 26 83 87 99 40
10 50 70 44 77 39 28 2 4 41 11
10 46 95 51 7 88 93 77 18 6 72
10 20 61 32 89 71 60 32 27 85 81
10 14 68 34 99 98 60 77 50 11 48
0
