10 45 63 36 22 36 85 18 45 78 50
10 13 35 38 21 100 55 27 38 80 32
10 34 97 61 16 63 63 11 68 100 50
10 84 37 53 95 91 20 43 63 50 97
10 4 11 89 77 71 53 46 39 13 85
10 78 43 91 5 82 47 64 78 95 38
10 44 91 24 5 47 39 41 36 79 55
10 61 43 96 62 42 67 90 38 42 69
10 71 48 62 50 28 82 45 76 1 45
10 38 49 100 83 100 42 37 32 96 67
10 89 98 94 46 15 94 61 85 100 2
10 11 14 95 56 48 74 24 73 4 17
10 62 7 73 22 96 28 88 95 45 21
10 47 1 100 52 64 74 39 91 69 34
10 32 18 30 40 31 79 45 42 59 60
10 9 30 75 13 11 17 45 60 36 36
10 69 47 99 65 5 33 70 31 42 82
10 38 87 75 42 40 41 57 36 32 95
10 2 64 34 21 64 54 32 57 39 9
10 31 85 79 49 70 72 19 61 49 21
10 26 38 72 56 56 1 38 64 63 4
10 42 89 97 21 44 47 57 70 85 79
10 41 57 98 99 94 43 46 13 43 8
10 17 13 81 52 24 52 8 77 15 49
10 68 14 1 75 95 39 38 81 46 58
10 57 39 3 10 25 8 50 70 67 61
10 96 18 13 34 85 91 21 16 79 81
10 33 100 3 79 59 34 100 61 87 54
10 3 61 32 44 22 17 56 22 90 78
10 3 48 47 87 79 8 4 72 67 92
10 35 20 6 97 62 50 83 70 46 49
10 74 86 96 20 82 47 50 22 79 32
10 44 5 32 78 12 66 41 39 65 37
10 74 71 63 20 92 32 76 23 54 70
10 26 26 4 81 2 34 100 64 70 77
10 49 94 47 57 53 50 18 61 32 23
10 79 89 7 66 97 75 11 54 53 67
10 11 27 78 15 13 63 27 12 5 58
10 19 18 3 88 23 98 79 17 77 62
10 51 64 60 5 53 73 57 14 1 94
10 1 45 6 73 14 53 28 32 28 44
10 89 90 68 48 53 70 19 71 36 70
10 54 27 84 19 7 95 65 59 28 94
10 80 8 4 21 55 63 49 61 47 89
10 29 5 9 39 62 69 31 57 17 68
10 2 26 81 26 93 82 8 31 73 85
10 6 45 49 96 29 92 51 98 72 13
10 12 61 54 100 35 43 96 79 4 91
10 24 13 72 29 37 12 27 75 58 92
10 23 55 26 52 56 30 10 26 68 82
10 79 18 96 32 44 52 14 100 79 76
10 54 90 48 84 35 71 38 45 54 5
10 31 22 39 88 1 55 53 74 82 58
10 81 2 40 76 43 14 89 34 51 98
10 63 14 3 77 61 14 70 7 94 81
10 6 28 34 74 35 49 18 13 59 49
10 5 48 79 27 30 79 20 39 7 32
10 24 54 15 66 23 8 43 29 97 70
10 6 24 94 48 55 71 93 21 21 84
10 63 45 99 52 92 53 91 59 68 35
10 16 25 95 28 15 13 100 63 98 52
10 76 71 64 42 99 58 94 69 72 94
10 44 35 97 40 4 99 63 79 7 83
10 15 15 33 14 95 96 24 49 4 43
10 30 20 16 87 56 2 73 60 87 21
10 52 58 68 69 29 33 9 37 16 74
10 27 25 93 73 95 98 93 5 53 99
10 33 74 63 32 64 46 85 62 64 96
10 26 51 14 93 52 16 39 76 96 65
10 12 81 71 95 10 67 44 30 11 36
10 40 91 57 78 86 29 100 55 12 24
10 60 49 3 17 21 32 65 46 70 46
10 10 19 97 2 54 19 77 72 30 25
10 12 32 70 64 40 90 97 26 8 3
10 85 10 92 99 2 6 81 59 6 12
10 95 1 55 67 82 71 53 15 8 20
10 31 55 76 59 17 88 64 50 49 83
10 45 30 6 94 81 98 43 47 42 30
10 25 42 22 19 99 62 40 80 59 80
10 49 3 57 85 20 66 33 18 63 34
10 74 53 42 71 86 97 23 22 34 14
10 85 88 66 24 11 42 10 64 41 66
10 48 75 32 30 39 58 27 80 81 25
10 34 18 40 23 20 83 35 7 14 68
10 43 7 61 42 30 38 81 88 45 56
10 68 1 41 98 35 23 24 54 41 63
10 46 26 45 23 88 69 9 38 81 40
10 33 75 90 48 91 95 56 80 26 8
10 86 98 85 73 58 78 92 32 74 62
10 78 28 31 22 64 96 8 8 3 95
10 41 44 5 70 92 79 85 32 17 86
10 72 39 78 51 88 85 82 58 56 88
10 8 34 27 42 17 47 98 28 89 20
10 1 43 63 83 22 63 31 72 93 13
10 29 44 44 43 38 58 10 58 58 32
10 87 71 58 21 75 26 27 62 52 41
10 20 59 52 70 2 17 36 18 28 70
10 18 17 35 5 73 58 92 47 86 23
10 2 27 21 77 19 67 90 96 38 27
10 86 42 47 36 79 55 10 25 23 73
0
