10 51 65 5 53 56 35 64 30 30 67
10 13 77 56 46 65 79 53 40 17 48
10 13 14 96 64 36 48 46 95 24 93
10 70 57 49 54 4 9 3 20 54 65
10 74 65 17 4 87 11 45 47 43 97
10 11 33 73 79 10 81 61 73 77 82
10 64 75 70 39 96 60 5 25 60 53
10 77 86 82 6 28 15 93 44 47 79
10 49 46 68 31 81 42 35 35 72 46
10 96 87 61 65 43 2 62 100 40 12
10 93 31 77 33 4 57 54 32 42 19
10 79 18 23 98 80 12 74 86 72 12
10 99 92 76 35 28 61 77 94 21 73
10 59 74 99 76 24 27 78 31 5 48
10 31 94 99 36 13 21 24 98 68 97
10 5 78 44 54 12 34 92 92 35 35
10 66 84 84 1 69 29 16 98 78 94
10 75 54 28 10 5 5 75 16 39 58
10 42 65 82 32 89 13 57 3 58 94
10 82 81 34 75 30 35 8 6 10 44
10 46 81 79 4 68 87 94 41 93 98
10 89 55 44 52 74 59 16 20 26 99
10 5 59 82 68 47 81 98 88 87 82
10 70 100 85 14 33 75 95 13 74 33
10 43 71 3 78 3 52 42 37 76 16
10 3 45 14 7 59 13 83 3 34 26
10 55 43 96 98 82 1 58 50 58 96
10 13 31 53 84 64 31 87 22 18 80
10 16 43 40 51 48 90 85 78 73 71
10 32 79 15 96 19 22 43 22 61 58
10 49 55 35 89 87 32 12 93 15 66
10 42 50 34 24 41 42 100 3 75 57
10 16 41 79 43 25 16 84 60 3 90
10 38 83 99 80 19 6 49 56 55 97
10 88 68 74 61 57 20 87 89 46 68
10 74 21 6 100 92 60 5 5 7 4
10 57 20 74 60 53 14 58 70 23 79
10 42 30 9 96 57 28 61 41 57 18
10 5 64 30 82 58 72 26 76 84 17
10 88 95 55 49 47 82 74 68 32 61
10 33 29 88 46 15 50 48 15 26 67
10 36 46 73 38 15 69 83 46 97 79
10 34 9 75 12 32 36 39 57 19 12
10 72 96 32 63 73 43 65 82 63 23
10 59 45 14 100 11 67 96 64 83 77
10 77 71 46 62 35 11 88 98 94 84
10 23 36 44 89 14 73 86 73 32 3
10 86 38 30 3 81 94 95 99 91 77
10 57 69 19 18 8 62 17 64 3 26
10 70 48 87 45 26 46 12 45 81 62
10 43 19 28 50 50 50 49 85 64 83
10 74 51 69 55 98 80 65 10 65 31
10 29 48 85 9 6 15 59 38 23 49
10 9 36 87 8 19 13 19 33 80 64
10 62 81 26 6 42 62 26 82 77 53
10 86 40 74 69 6 70 97 54 90 93
10 33 25 31 39 19 68 41 29 37 32
10 4 17 7 50 66 46 50 15 32 44
10 67 81 66 60 94 48 98 52 87 2
10 29 31 11 8 13 4 68 1 47 85
10 4 16 12 89 36 9 4 19 84 5
10 34 14 12 89 35 73 73 54 83 70
10 81 35 50 8 2 6 30 43 2 36
10 20 86 44 24 60 15 15 4 2 5
10 36 5 54 19 27 65 86 85 43 78
10 84 94 43 28 74 5 96 48 58 56
10 52 21 14 78 37 73 97 32 100 6
10 9 13 34 94 84 100 41 100 87 87
10 64 100 50 42 68 19 33 28 39 97
10 61 62 38 12 87 99 51 94 94 52
10 70 42 76 42 54 28 98 28 17 12
10 1 67 40 21 46 14 60 59 47 55
10 61 37 96 46 93 85 20 55 31 72
10 15 18 58 38 21 8 36 84 66 1
10 8 35 54 66 31 60 97 23 100 71
10 67 85 84 65 66 71 53 24 80 92
10 7 30 21 87 60 56 74 43 28 17
10 52 72 17 2 96 14 57 94 78 81
10 20 76 70 42 46 5 3 66 45 16
10 61 5 48 68 67 35 34 82 84 95
10 30 31 18 52 85 9 80 1 63 82
10 14 64 15 43 100 91 25 96 88 75
10 38 43 17 59 42 47 93 77 31 30
10 15 4 6 99 90 3 35 84 66 49
10 55 24 23 31 22 10 29 74 67 82
10 40 66 27 43 81 24 49 62 59 31
10 77 5 27 95 68 69 83 54 48 59
10 45 12 10 65 35 47 28 90 21 49
10 50 27 27 90 56 22 81 13 10 81
10 10 34 12 47 55 70 17 60 9 56
10 40 10 62 5 52 64 82 35 90 51
10 43 26 77 8 13 64 19 62 25 35
10 63 65 88 53 49 56 97 91 39 20
10 21 54 70 73 73 49 50 14 18 72
10 95 13 48 63 39 93 27 11 69 68
10 44 49 17 42 44 53 92 20 15 49
10 51 33 90 56 54 83 74 30 90 46
10 37 62 80 87 8 51 70 68 4 92
10 49 41 63 87 93 30 15 9 8 14
10 65 16 57 40 100 14 65 70 13 90
0
