10 14 17 26 61 80 79 95 71 97 68
10 1 75 53 67 54 73 93 12 75 63
10 69 12 45 69 70 37 83 63 71 41
10 9 39 24 70 2 64 52 64 24 33
10 8 14 64 3 17 70 37 11 79 97
10 99 40 4 56 41 98 64 19 88 4
10 67 7 75 79 26 61 19 64 71 57
10 68 82 63 40 23 2 50 72 64 78
10 49 35 39 12 5 96 38 17 4 38
10 70 8 66 69 31 57 18 35 63 60
10 54 36 47 7 54 14 65 77 11 96
10 42 28 25 42 72 2 3 38 88 68
10 91 94 5 12 99 31 29 85 14 59
10 17 89 41 11 9 83 72 90 51 75
10 73 50 92 51 61 44 97 51 95 8
10 15 89 71 60 18 76 91 10 72 92
10 96 89 6 55 75 47 86 50 75 19
10 15 50 4 37 98 42 35 4 82 15
10 100 28 18 3 94 76 96 3 57 4
10 78 76 66 70 21 37 32 96 77 52
10 2 30 91 62 79 59 40 81 69 63
10 91 93 99 15 15 83 14 85 7 50
10 58 45 5 3 30 9 26 48 97 66
10 87 21 97 29 86 97 34 42 21 20
10 57 7 97 66 67 69 88 99 29 35
10 59 57 25 95 70 100 10 59 89 4
10 38 45 56 34 36 60 33 81 34 3
10 22 32 82 64 3 69 89 58 5 24
10 97 71 69 23 59 37 20 99 9 11
10 35 64 78 89 60 29 36 86 63 42
10 39 39 56 7 59 56 33 88 4 85
10 12 71 16 52 100 49 83 71 49 76
10 62 46 43 82 21 34 62 88 99 31
10 96 26 24 100 52 79 86 98 36 21
10 1 92 91 55 12 38 88 71 82 88
10 75 79 47 99 1 3 25 95 32 98
10 74 4 32 71 62 63 29 35 42 43
10 59 84 92 66 88 76 47 30 74 16
10 35 10 3 60 71 26 65 50 15 30
10 36 39 97 72 96 69 48 52 5 59
10 95 29 82 70 16 50 9 62 44 59
10 12 93 91 47 1 60 82 8 68 41
10 54 81 91 55 64 55 11 94 3 26
10 53 11 29 68 73 39 85 50 82 78
10 62 30 12 14 98 28 72 14 88 16
10 29 96 15 2 16 91 23 90 61 20
10 94 83 29 31 71 35 1 43 24 60
10 5 46 11 70 82 50 87 1 21 86
10 8 86 32 45 41 91 85 25 47 16
10 75 51 54 38 5 100 23 10 77 13
10 81 89 32 40 94 39 8 2 55 7
10 33 80 44 79 30 30 61 33 4 55
10 26 66 16 84 62 50 25 100 56 10
10 97 65 35 81 8 34 7 34 12 29
10 41 7 37 92 7 55 82 11 50 72
10 22 92 57 75 36 7 75 77 8 93
10 62 26 17 65 35 4 5 78 62 95
10 58 81 73 52 32 86 41 5 24 33
10 50 56 74 44 85 20 31 8 64 97
10 87 2 17 50 74 11 76 2 83 19
10 58 80 100 24 92 57 65 79 90 57
10 1 4 65 77 98 19 32 12 14 10
10 54 95 34 59 45 59 95 100 66 15
10 73 66 93 80 8 98 78 98 39 5
10 2 15 95 92 88 99 52 22 55 99
10 36 14 77 87 16 4 46 36 97 67
10 71 99 20 41 98 44 33 56 62 30
10 3 50 9 52 76 16 90 54 81 43
10 87 66 89 24 12 26 59 90 24 2
10 30 97 92 82 56 18 41 6 39 70
10 93 27 9 13 47 56 24 77 92 29
10 5 72 26 8 89 15 7 89 73 11
10 91 80 12 14 8 55 77 3 90 21
10 15 88 14 91 96 70 37 94 33 75
10 6 66 52 51 94 61 41 60 23 99
10 91 77 99 27 47 81 56 8 62 66
10 37 50 40 1 90 20 57 86 53 86
10 61 53 55 39 97 26 29 70 56 78
10 24 79 69 51 17 90 89 12 47 99
10 85 42 38 96 54 18 52 12 21 23
10 88 40 71 40 52 9 21 65 45 39
10 78 90 17 77 2 85 83 81 4 92
10 31 9 60 80 77 56 53 82 61 84
10 58 87 62 93 92 27 24 13 52 6
10 28 90 68 64 58 52 51 95 30 37
10 59 56 72 98 60 98 79 13 14 14
10 97 100 76 40 27 13 66 32 95 61
10 46 90 96 49 53 100 61 98 28 1
10 22 37 62 62 39 35 92 5 98 95
10 32 42 43 32 81 28 76 63 75 88
10 95 78 83 66 56 84 25 61 99 5
10 9 20 96 5 42 94 7 74 46 74
10 15 79 32 50 19 36 99 42 75 79
10 86 46 45 60 62 69 7 22 68 60
10 31 39 30 26 98 70 2 66 21 63
10 20 56 46 48 56 69 98 44 11 39
10 21 6 80 32 16 11 24 30 63 23
10 19 56 62 70 90 61 49 76 54 100
10 57 60 51 31 35 67 78 44 32 35
10 73 41 75 83 16 19 53 47 37 16
0
