10 7 80 13 34 31 75 67 12 6 29
10 42 84 26 52 75 47 75 87 21 82
10 84 11 84 50 87 10 58 66 95 99
10 97 48 3 28 19 94 27 66 35 39
10 35 4 55 12 44 3 51 8 76 32
10 14 76 6 10 22 96 34 8 98 6
10 40 61 75 83 19 28 99 59 89 23
10 74 23 38 34 44 17 13 4 13 43
10 83 23 71 26 3 74 9 41 49 100
10 41 19 48 83 20 98 90 99 19 10
10 79 70 58 50 41 25 49 38 66 97
10 67 14 13 3 30 11 35 1 98 8
10 70 35 86 33 24 47 36 79 94 49
10 18 23 93 30 77 94 42 81 11 29
10 65 48 94 23 44 29 23 80 85 44
10 81 93 87 52 57 71 67 91 35 44
10 62 35 97 33 4 77 12 53 15 56
10 81 27 74 50 85 57 41 64 12 33
10 26 67 37 37 19 76 3 38 34 40
10 77 56 10 20 54 30 16 86 87 13
10 22 5 7 28 16 75 22 56 21 12
10 11 69 81 22 39 66 45 86 86 81
10 97 46 93 91 66 25 39 35 72 8
10 54 93 25 93 25 35 88 51 7 8
10 54 74 63 37 35 93 91 70 47 98
10 80 53 3 49 88 54 34 73 63 47
10 76 41 80 74 26 66 36 89 33 46
10 85 38 14 45 45 93 11 80 45 28
10 59 1 13 46 80 37 18 67 38 9
10 71 4 5 3 15 18 96 12 19 70
10 64 60 56 24 95 26 99 4 34 59
10 45 27 7 2 83 79 97 54 63 68
10 42 39 18 2 39 83 85 15 70 97
10 90 73 73 1 31 88 3 76 83 71
10 31 66 26 46 2 41 56 57 54 56
10 14 15 82 86 8 23 81 77 2 67
10 50 52 6 51 78 97 92 73 53 83
10 92 54 31 56 70 98 68 55 76 28
10 54 22 13 54 58 95 53 53 4 45
10 28 100 59 94 98 3 46 95 81 19
10 24 84 3 44 58 63 14 8 28 64
10 33 75 82 22 46 4 59 96 66 68
10 79 63 1 69 17 5 2 62 63 5
10 95 78 94 79 39 2 51 49 85 17
10 76 2 25 83 25 26 1 86 55 73
10 42 97 74 51 43 38 15 49 90 72
10 85 29 18 58 82 62 64 44 10 59
10 22 80 47 27 79 16 8 64 28 26
10 39 13 77 68 51 89 91 4 47 1
10 19 37 29 25 53 28 91 7 30 89
10 36 13 64 24 85 23 31 9 94 42
10 45 82 59 24 16 29 76 96 44 33
10 48 17 40 40 43 63 41 86 47 98
10 34 66 65 39 64 44 2 29 38 7
10 28 65 30 44 72 99 34 71 9 30
10 73 23 2 38 45 46 70 24 78 94
10 17 66 95 55 48 61 30 33 34 13
10 71 90 37 41 73 26 28 69 11 83
10 95 17 69 88 45 19 47 14 39 24
10 28 83 13 31 49 67 66 27 46 40
10 49 20 42 89 14 58 86 71 20 14
10 31 73 57 74 9 94 81 36 5 1
10 57 47 19 13 3 62 93 51 46 21
10 99 94 43 69 95 73 19 4 83 87
10 85 35 19 44 36 2 17 68 10 46
10 95 79 68 89 2 100 43 62 5 71
10 56 99 62 85 28 73 39 50 11 19
10 82 75 97 4 74 17 55 7 40 91
10 56 92 13 23 18 22 39 25 13 31
10 87 34 14 76 27 95 80 51 97 19
10 38 95 100 5 21 19 56 31 67 82
10 12 81 3 71 72 42 36 69 79 26
10 68 26 35 29 13 58 70 79 15 19
10 97 1 29 15 85 3 18 35 53 4
10 80 35 87 56 3 70 47 12 69 36
10 61 41 18 27 15 59 64 19 95 17
10 25 82 84 71 80 1 5 84 98 5
10 38 26 61 70 82 26 24 86 46 97
10 86 69 12 81 6 92 85 49 56 69
10 1 50 2 87 1 43 78 75 55 96
10 79 47 86 1 67 47 89 29 71 62
10 89 40 98 66 31 50 57 96 21 91
10 88 22 25 80 58 39 20 90 99 35
10 52 55 84 12 69 34 17 25 35 92
10 98 42 61 85 15 53 47 8 81 44
10 69 49 58 55 11 41 94 73 85 7
10 28 79 4 41 72 29 96 41 35 78
10 86 79 46 11 21 58 41 27 76 60
10 71 62 67 78 82 64 95 91 8 89
10 81 44 1 88 83 98 77 25 58 41
10 22 8 16 79 27 48 89 93 69 64
10 14 100 71 65 58 43 73 61 80 24
10 5 100 51 98 69 42 33 71 37 37
10 43 100 66 29 89 6 78 5 86 58
10 34 80 88 34 49 18 38 87 82 22
10 76 67 53 34 63 68 89 13 69 75
10 58 68 15 95 62 39 11 22 49 55
10 99 39 33 23 95 61 49 52 16 71
10 74 75 21 69 81 5 86 72 96 77
10 56 78 19 90 83 13 47 67 33 98
0
