10 81 70 12 2 54 57 75 57 92 32
10 19 51 5 31 15 96 11 83 15 23
10 75 58 54 28 56 72 50 88 80 65
10 26 42 71 16 94 83 64 30 92 2
10 60 49 75 26 18 64 56 22 69 88
10 46 80 37 55 19 93 24 73 57 93
10 74 65 11 54 41 32 55 56 11 41
10 6 92 18 71 32 29 62 92 66 49
10 49 31 19 89 47 70 62 89 69 54
10 46 11 89 39 63 46 89 99 37 3
10 41 28 76 39 82 59 79 40 88 77
10 67 7 64 20 47 51 84 97 8 29
10 6 54 83 63 27 71 16 79 25 39
10 88 100 7 13 31 72 69 24 47 83
10 28 9 28 59 3 88 9 97 17 2
10 69 4 95 29 79 69 43 25 84 95
10 19 76 74 72 75 78 63 6 37 51
10 40 97 40 45 80 85 64 10 85 88
10 74 11 25 33 12 64 79 52 87 37
10 96 72 21 60 13 39 53 69 24 37
10 24 11 75 2 73 29 10 50 21 46
10 15 96 6 93 44 10 37 54 69 1
10 75 46 52 33 69 98 44 13 100 7
10 61 81 64 88 59 36 86 69 37 68
10 81 41 40 29 53 48 33 3 82 36
10 19 52 48 2 72 98 77 15 96 37
10 1 28 59 46 43 71 12 17 12 97
10 98 57 47 30 7 6 12 48 29 46
10 15 9 68 28 2 59 72 79 7 77
10 51 96 91 56 6 68 11 16 2 97
10 98 41 25 56 69 14 25 35 39 73
10 56 60 12 57 33 30 52 98 59 48
10 14 100 39 46 43 79 78 44 54 97
10 66 98 61 69 86 20 46 84 24 66
10 25 99 22 46 81 85 53 46 23 87
10 14 38 5 22 28 70 29 45 87 57
10 38 52 11 6 16 100 60 80 17 13
10 22 1 47 94 94 51 98 89 88 23
10 78 15 69 40 86 58 44 65 16 69
10 56 90 65 65 9 29 61 96 76 29
10 4 56 34 16 24 6 73 23 11 23
10 18 38 61 64 67 62 32 57 65 94
10 56 5 10 81 33 71 37 65 36 47
10 42 68 2 17 45 89 84 58 7 38
10 64 45 12 79 46 18 10 4 67 13
10 6 10 14 72 29 10 80 66 49 52
10 6 15 30 50 47 5 38 54 13 40
10 88 48 6 79 53 9 30 91 100 30
10 30 70 48 77 9 13 41 39 29 58
10 75 46 95 58 11 6 54 87 9 3
10 8 6 92 25 23 32 13 53 92 50
10 54 4 39 23 5 31 82 97 46 37
10 40 33 91 1 98 53 91 31 41 60
10 58 58 36 65 18 54 96 96 61 71
10 5 11 31 42 17 64 83 99 53 100
10 3 89 100 64 95 47 67 76 36 72
10 87 19 62 49 83 37 47 34 41 100
10 56 94 96 21 65 57 12 86 81 10
10 5 87 9 2 59 93 85 76 47 47
10 19 26 100 52 67 64 53 43 59 84
10 19 39 62 87 67 82 66 28 100 80
10 32 19 79 64 96 48 72 43 81 41
10 42 10 39 38 32 36 80 93 19 1
10 38 42 76 13 71 66 18 32 39 67
10 73 22 87 59 14 100 59 47 35 59
10 77 54 95 69 30 1 71 98 2 58
10 68 39 96 76 5 91 36 46 86 36
10 48 58 51 21 78 18 22 46 56 95
10 12 76 83 39 39 44 62 25 49 74
10 83 83 5 79 12 36 55 80 56 44
10 14 42 65 81 34 4 97 91 57 84
10 49 77 79 71 62 39 53 66 60 92
10 90 9 18 37 86 4 11 83 76 69
10 39 27 51 26 65 29 42 56 85 96
10 92 77 7 15 32 39 2 91 54 9
10 64 69 90 67 47 88 18 98 5 34
10 42 89 1 28 97 64 37 40 19 4
10 89 38 30 88 86 19 79 52 68 90
10 93 23 81 52 61 7 19 20 9 8
10 50 40 51 37 91 47 39 96 21 96
10 97 5 33 20 48 71 5 16 12 43
10 59 26 15 70 61 14 20 73 40 4
10 92 43 85 53 49 64 72 4 17 62
10 81 12 69 66 66 100 25 52 85 82
10 19 27 47 52 7 76 38 57 45 38
10 49 37 27 88 67 1 78 94 60 62
10 36 74 76 96 5 35 6 58 15 1
10 99 45 52 88 92 91 38 74 9 95
10 69 5 19 99 85 49 68 8 16 84
10 64 82 64 19 56 20 10 17 19 96
10 34 48 96 49 63 11 67 13 83 88
10 81 42 40 78 40 61 87 19 12 79
10 17 29 63 23 64 55 47 44 44 59
10 53 56 79 22 55 91 44 76 15 3
10 59 62 52 4 31 90 35 8 36 30
10 98 68 7 10 1 86 61 12 94 1
10 92 61 86 74 69 95 82 62 43 93
10 25 100 30 96 92 92 8 80 36 27
10 52 74 48 73 85 74 38 55 22 63
10 8 33 16 8 52 88 33 59 51 65
0
