10 92 25 31 22 27 46 42 15 24 5
10 60 55 57 99 36 61 11 73 15 18
10 36 45 83 6 25 28 66 44 91 30
10 52 86 40 5 79 70 34 11 90 83
10 84 84 53 40 5 29 55 64 68 76
10 71 2 62 28 73 59 52 63 37 6
10 2 63 61 40 57 27 24 19 100 81
10 64 2 78 25 13 10 56 24 60 10
10 6 82 83 24 57 9 83 32 39 32
10 68 16 63 36 80 72 64 79 35 75
10 57 94 67 6 23 97 40 8 71 95
10 93 76 52 32 89 67 36 4 25 38
10 23 92 99 80 45 79 87 40 50 31
10 94 79 64 80 68 49 64 75 12 94
10 65 68 40 24 2 41 63 72 20 45
10 26 3 49 97 50 50 100 98 19 42
10 81 38 91 30 66 21 87 38 35 84
10 59 42 7 97 70 4 96 41 4 87
10 41 83 20 65 63 11 85 8 73 71
10 68 21 2 69 70 97 62 66 84 5
10 58 59 29 14 24 31 55 99 14 69
10 21 3 6 12 69 22 43 48 89 28
10 88 4 34 32 74 34 9 4 61 39
10 42 39 99 69 68 99 45 87 70 37
10 92 64 92 97 71 83 42 52 60 47
10 66 78 24 7 73 78 95 21 70 2
10 30 44 67 46 52 41 6 40 2 7
10 85 34 82 55 83 41 1 87 6 30
10 69 49 46 75 74 73 36 48 27 17
10 28 16 26 61 17 40 40 3 86 10
10 62 88 14 14 72 41 13 34 8 33
10 31 65 48 72 67 79 46 74 100 91
10 40 62 96 30 48 42 41 71 34 88
10 100 61 93 94 22 9 86 50 91 53
10 23 58 55 31 44 80 60 2 98 82
10 49 84 68 32 16 43 85 43 26 73
10 4 35 37 64 85 36 49 32 76 75
10 8 70 94 52 63 77 80 48 65 7
10 5 84 38 29 37 53 18 68 60 7
10 78 38 73 28 20 44 7 36 22 30
10 66 43 84 36 67 92 91 76 74 92
10 94 59 17 74 73 8 85 26 62 97
10 70 48 63 40 60 56 5 37 89 5
10 90 67 48 91 91 36 91 86 6 95
10 1 72 84 65 94 7 48 56 35 65
10 86 57 2 12 98 72 27 27 85 54
10 15 14 49 27 78 26 14 14 12 10
10 58 18 85 13 42 95 53 6 20 1
10 34 25 40 1 65 53 47 99 13 51
10 90 60 48 21 43 6 76 33 84 53
10 86 28 73 29 29 7 25 2 9 57
10 36 12 8 99 91 61 87 37 93 92
10 14 19 50 55 89 96 100 73 86 54
10 69 46 36 79 84 12 15 85 64 45
10 95 78 98 67 32 50 87 52 87 1
10 49 74 18 12 45 34 85 100 99 2
10 13 44 78 9 19 77 98 44 58 3
10 34 18 39 46 68 92 6 70 61 95
10 5 1 87 91 77 48 85 42 33 62
10 17 7 91 80 10 37 46 9 5 4
10 70 74 10 10 36 57 75 98 1 28
10 40 22 7 57 31 63 71 14 8 55
10 96 56 2 75 33 96 33 11 14 34
10 23 51 75 93 53 92 15 59 19 5
10 83 20 40 64 98 53 93 32 84 31
10 21 64 51 35 98 38 48 36 7 82
10 79 65 17 99 97 56 73 69 75 92
10 96 9 23 84 30 26 16 5 76 16
10 4 10 57 70 94 7 17 36 38 99
10 77 12 40 31 91 43 32 48 73 69
10 25 64 5 34 37 66 56 23 81 1
10 2 49 31 84 15 97 44 19 78 33
10 72 49 14 3 41 6 69 24 8 44
10 5 88 44 7 59 32 5 30 56 72
10 12 20 9 25 37 80 75 68 97 45
10 6 78 91 91 30 19 59 51 66 12
10 29 97 50 41 40 21 74 12 19 87
10 34 89 30 12 45 31 54 38 5 80
10 66 12 17 89 81 48 33 57 98 6
10 39 85 35 38 39 48 87 25 18 21
10 27 17 56 94 42 91 8 31 18 95
10 25 8 43 39 86 64 84 81 72 97
10 9 43 44 41 22 52 36 75 51 69
10 47 54 77 5 28 70 37 18 32 97
10 9 10 64 10 83 20 3 18 70 1
10 50 11 84 69 9 38 23 38 22 84
10 4 59 80 18 73 66 90 22 10 78
10 42 78 35 92 41 48 62 17 86 47
10 57 68 91 58 36 54 53 71 32 60
10 20 68 19 4 30 66 59 41 72 57
10 30 53 78 37 12 36 29 14 9 39
10 68 28 88 91 80 19 57 41 6 80
10 6 67 62 46 7 56 73 43 47 89
10 44 52 57 44 12 97 33 71 82 85
10 12 90 13 79 94 1 36 33 50 33
10 38 2 65 94 88 43 41 100 48 54
10 29 78 73 35 90 19 12 80 44 11
10 66 13 46 50 16 26 33 42 31 17
10 4 80 58 91 93 61 99 51 49 6
10 33 81 89 41 99 30 77 94 61 45
0
