10 58 39 41 62 24 75 39 7 8 31
10 29 91 82 20 73 37 63 37 37 89
10 73 50 26 94 40 29 47 40 95 4
10 84 61 16 64 41 67 81 77 12 44
10 50 16 75 31 5 46 61 51 53 18
10 21 22 40 6 100 40 12 23 48 2
10 88 83 97 50 40 80 24 89 66 28
10 96 64 57 36 52 84 52 38 48 13
10 37 51 56 70 72 25 87 31 70 86
10 38 39 31 74 47 97 95 3 53 15
10 18 96 86 63 12 55 85 2 60 60
10 11 63 21 52 100 20 2 11 10 19
10 38 98 81 20 16 88 16 35 22 32
10 49 22 62 96 92 34 27 5 24 47
10 72 60 86 17 42 73 64 97 45 79
10 15 17 33 60 14 29 92 15 98 47
10 95 75 30 50 86 30 100 95 29 7
10 71 61 45 66 36 36 77 23 48 56
10 29 11 80 96 73 83 52 25 31 73
10 6 93 52 25 78 2 29 84 71 16
10 100 89 69 5 27 62 51 46 48 22
10 25 15 8 37 86 83 88 56 31 85
10 68 51 15 5 83 45 32 36 99 79
10 17 48 11 2 7 22 56 95 17 85
10 65 76 70 44 99 10 24 56 8 86
10 72 21 80 97 51 16 58 79 53 73
10 73 20 57 15 70 58 75 57 3 23
10 59 88 31 68 59 43 69 78 96 10
10 58 85 98 80 30 11 40 80 47 12
10 80 36 2 89 57 37 61 89 91 2
10 30 72 36 95 97 83 40 85 55 81
10 60 21 67 62 97 79 27 9 3 59
10 52 31 57 31 55 3 47 38 92 73
10 74 12 46 56 98 14 9 3 18 90
10 12 95 17 66 37 64 49 62 38 15
10 44 27 64 21 84 35 84 10 32 15
10 43 3 85 28 26 53 19 41 53 64
10 44 14 9 60 3 51 94 84 15 97
10 60 65 7 50 26 97 62 71 56 46
10 67 2 10 21 31 86 14 84 16 89
10 27 49 90 72 1 4 6 10 77 9
10 58 43 48 30 63 92 48 16 94 76
10 16 82 78 57 65 62 60 73 67 1
10 21 29 54 50 21 85 42 91 45 78
10 13 31 90 16 75 64 9 67 97 77
10 80 78 15 88 99 11 49 15 48 70
10 65 84 17 80 14 99 96 44 88 24
10 81 3 100 55 76 61 97 21 9 64
10 5 56 44 52 82 78 67 72 24 11
10 60 53 3 49 86 32 86 29 75 7
10 24 29 78 57 49 72 30 74 45 35
10 99 76 60 38 23 23 32 78 62 80
10 95 54 39 9 22 100 74 45 80 44
10 58 55 94 72 56 80 39 23 10 91
10 83 28 27 10 93 58 96 35 94 66
10 12 64 50 5 13 83 13 53 58 25
10 3 87 58 51 49 23 38 17 8 79
10 12 27 76 89 96 29 18 53 87 91
10 19 100 56 94 29 91 91 31 97 55
10 46 13 59 50 82 93 45 8 46 43
10 19 13 6 23 84 6 71 95 58 34
10 53 32 48 10 7 8 33 21 84 48
10 1 80 13 78 76 30 90 58 23 92
10 22 81 32 44 70 35 62 43 16 44
10 17 57 37 58 28 77 77 61 84 26
10 72 55 34 46 24 7 78 98 98 17
10 23 7 70 5 54 60 84 58 51 16
10 47 82 11 55 63 36 64 73 2 1
10 99 63 3 27 84 83 51 24 21 46
10 75 79 84 21 84 46 91 66 94 17
10 2 49 75 59 80 95 4 35 87 90
10 33 36 91 91 74 6 49 73 18 97
10 81 47 20 44 83 82 90 13 18 33
10 6 8 3 42 9 93 100 70 26 62
10 62 44 76 2 54 50 40 57 92 21
10 49 78 14 52 2 100 7 26 90 84
10 15 37 43 46 44 74 97 42 35 27
10 63 23 97 94 37 52 70 73 33 83
10 43 63 27 32 60 94 7 82 69 32
10 34 61 70 75 85 16 14 59 79 73
10 5 90 19 28 35 54 77 61 37 3
10 21 66 46 51 29 73 55 84 17 58
10 96 22 46 38 79 58 69 41 20 75
10 83 26 70 92 100 29 36 62 35 24
10 93 80 57 7 82 29 7 35 15 59
10 96 98 13 86 48 85 42 35 26 34
10 7 23 20 29 34 80 20 3 49 92
10 29 31 88 49 60 10 79 77 41 69
10 60 18 74 44 19 58 10 49 35 49
10 64 83 62 48 87 91 30 75 98 54
10 94 78 89 53 64 30 70 14 84 6
10 7 63 59 73 93 89 31 24 17 62
10 38 65 12 16 75 72 16 23 56 28
10 15 26 82 29 40 79 27 93 12 100
10 38 66 96 89 82 33 16 44 32 13
10 57 33 83 90 96 36 22 64 23 72
10 5 11 5 78 46 54 30 55 91 37
10 61 23 8 100 65 15 98 93 87 62
10 39 1 82 76 58 92 18 64 60 72
10 95 28 49 53 42 23 61 75 86 75
0
