11 32 81 80 15 59 56 46 99 91 8 29
11 100 95 14 53 50 78 22 78 15 31 86
11 43 19 84 35 60 100 49 93 81 12 31
11 98 69 85 67 19 83 33 97 55 41 81
11 70 61 77 72 66 5 1 76 59 34 31
11 13 99 43 63 41 85 36 81 73 71 24
11 98 82 52 53 32 80 85 1 66 4 91
11 80 31 80 4 7 78 42 39 7 43 50
11 57 62 8 40 17 13 50 86 84 19 60
11 22 55 11 98 100 48 51 9 44 79 31
11 15 83 13 47 29 25 6 14 45 78 24
11 49 76 33 81 55 66 7 94 37 10 36
11 36 55 1 78 36 3 64 19 69 66 5
11 48 13 93 11 64 33 21 57 33 79 11
11 92 8 47 76 18 88 10 88 16 65 86
11 34 81 100 2 28 25 58 74 17 84 75
11 8 74 39 16 59 41 21 40 5 73 80
11 68 96 94 74 82 90 32 7 41 41 64
11 17 80 74 79 60 12 22 28 49 96 99
11 33 33 80 41 22 55 86 60 54 10 10
11 19 42 62 71 3 40 10 75 22 21 63
11 97 28 39 31 10 52 31 96 95 84 79
11 34 33 30 92 44 75 63 70 36 81 85
11 5 25 1 10 84 29 56 65 1 1 55
11 96 37 4 52 48 70 61 44 80 51 65
11 7 75 51 60 11 66 42 57 34 61 93
11 64 75 85 41 57 80 81 87 71 62 67
11 56 58 66 59 64 68 76 72 37 54 2
11 43 54 11 54 44 33 13 73 32 95 35
11 45 21 34 48 38 66 37 67 58 67 52
11 50 15 21 67 72 6 50 70 37 1 11
11 31 20 8 75 36 29 97 85 11 2 36
11 67 28 56 7 29 82 47 31 45 26 58
11 67 9 77 2 90 12 61 59 41 50 52
11 48 38 86 2 71 83 38 36 13 98 85
11 22 81 35 70 33 12 74 78 97 52 64
11 52 83 6 56 48 15 79 9 9 51 75
11 50 25 7 18 63 31 88 35 49 21 76
11 45 21 92 19 18 22 32 34 20 92 9
11 66 44 92 84 79 57 38 39 46 41 30
11 72 56 27 41 77 58 53 51 77 67 30
11 6 40 9 33 51 8 40 84 76 24 76
11 83 78 94 94 41 76 77 18 90 13 59
11 44 32 64 87 13 79 58 31 6 19 6
11 37 25 36 93 19 80 30 7 43 34 45
11 59 96 7 56 46 23 83 73 87 30 44
11 76 20 62 15 21 17 42 74 25 44 56
11 4 73 60 67 92 9 42 43 44 92 69
11 49 34 77 5 68 61 3 21 29 83 23
11 95 58 66 22 85 77 62 62 85 60 82
11 30 96 58 63 66 57 87 29 33 6 92
11 4 53 21 17 20 76 57 52 37 74 59
11 34 4 60 96 38 86 52 20 62 27 32
11 22 91 90 23 87 41 95 63 41 95 92
11 22 97 65 28 84 13 35 31 27 56 47
11 75 9 91 4 19 87 95 33 3 58 73
11 61 31 74 5 65 41 60 90 61 78 86
11 86 12 5 98 64 70 9 36 40 44 72
11 53 15 66 12 53 39 74 85 25 76 86
11 18 99 27 4 74 30 61 41 55 100 36
11 99 34 56 58 93 73 73 29 69 31 90
11 99 50 22 40 55 17 47 46 65 20 6
11 44 36 25 8 98 71 25 7 37 18 66
11 65 88 55 52 45 53 39 68 40 14 83
11 51 68 35 41 49 55 31 36 69 3 51
11 65 93 61 68 34 32 36 88 1 20 60
11 31 43 99 29 83 36 2 91 38 15 29
11 14 19 78 42 27 60 91 80 38 15 22
11 88 46 51 24 10 17 97 13 10 69 68
11 82 59 100 50 33 66 51 62 39 72 21
11 46 97 9 53 15 35 84 78 64 86 9
11 68 28 4 63 91 96 81 87 22 1 25
11 78 22 75 45 61 90 66 72 36 65 10
11 24 46 42 74 85 71 15 63 2 88 85
11 88 78 31 40 62 58 16 44 4 19 53
11 96 84 66 70 10 98 41 84 48 62 88
11 4 14 98 4 56 46 83 21 82 58 68
11 70 18 99 53 4 49 23 6 79 68 21
11 32 13 91 85 5 41 50 8 67 16 67
11 65 11 44 27 2 96 73 51 59 71 61
11 68 9 20 78 20 55 10 51 36 33 35
11 34 72 57 44 38 81 21 40 54 48 43
11 73 49 48 8 51 12 6 83 40 65 73
11 45 56 37 28 24 94 31 95 85 18 44
11 10 39 71 91 73 6 33 87 23 100 35
11 43 83 7 54 46 12 76 70 8 37 40
11 11 13 23 98 36 85 91 77 16 72 84
11 36 49 29 78 79 66 74 7 28 26 99
11 76 24 87 52 68 17 2 93 92 81 44
11 33 25 61 21 82 82 19 41 26 75 42
11 8 26 57 5 40 12 65 39 30 59 59
11 6 90 14 3 37 68 76 90 56 47 62
11 31 60 45 63 30 45 50 77 55 42 66
11 16 52 39 46 77 64 96 51 1 100 93
11 57 40 40 6 39 77 11 30 65 56 17
11 37 28 71 53 3 29 14 59 67 72 73
11 4 29 56 76 89 5 48 64 99 26 34
11 73 68 22 32 88 3 42 1 26 38 82
11 77 38 69 12 93 64 95 63 10 87 97
11 4 75 42 27 68 31 56 12 52 53 74
0
