11 46 98 96 81 18 73 19 9 86 17 17
11 16 56 76 75 80 25 13 7 33 35 16
11 13 91 15 18 78 17 75 7 8 26 15
11 90 17 17 60 98 43 68 91 96 60 17
11 52 76 48 54 26 9 16 95 2 31 4
11 2 81 40 74 39 100 36 53 90 79 66
11 19 83 2 82 14 76 10 44 10 50 59
11 75 89 82 40 46 5 10 11 19 24 33
11 20 32 66 27 43 63 67 26 52 86 4
11 3 66 59 7 45 37 13 39 65 99 34
11 62 67 39 65 98 8 24 28 87 49 8
11 3 88 43 64 31 86 94 29 50 66 13
11 1 80 78 83 48 15 46 48 83 56 61
11 29 30 55 7 27 70 33 43 85 50 13
11 2 89 79 40 75 49 20 70 70 17 48
11 30 4 41 34 86 60 70 54 81 4 82
11 98 54 95 70 34 46 11 23 18 1 69
11 92 53 30 97 52 41 62 24 7 93 43
11 79 56 12 18 61 31 74 14 98 32 54
11 27 80 33 34 16 100 99 15 49 73 12
11 64 30 84 70 1 49 11 52 45 87 13
11 63 53 22 37 19 10 6 99 52 91 22
11 20 80 75 90 81 90 41 36 69 6 49
11 56 44 8 16 1 49 19 17 93 30 11
11 82 72 15 67 26 62 52 1 93 75 99
11 43 6 45 38 64 33 69 67 68 81 7
11 30 10 81 72 84 56 47 25 72 60 67
11 62 96 45 82 61 71 92 2 14 91 19
11 25 52 19 61 95 90 5 28 94 83 45
11 55 77 35 49 99 25 72 21 50 99 54
11 96 47 14 87 39 1 93 35 54 70 10
11 55 73 96 58 13 12 12 89 36 41 80
11 75 50 56 52 93 89 41 92 38 86 79
11 24 49 89 61 67 88 85 89 54 39 31
11 78 42 43 7 39 26 95 43 39 73 68
11 46 52 87 85 8 54 2 49 19 73 24
11 89 50 91 91 91 78 100 42 78 67 61
11 27 89 25 48 53 42 64 54 9 71 73
11 66 57 43 50 10 18 28 5 13 43 17
11 19 92 9 75 4 27 54 82 4 11 14
11 81 1 81 2 60 26 66 69 37 76 18
11 4 13 19 56 6 42 32 72 5 97 19
11 92 48 20 21 37 2 86 17 26 12 62
11 8 39 95 79 93 43 17 29 42 8 6
11 2 9 52 47 55 40 18 78 29 14 60
11 77 5 3 76 50 88 14 13 84 81 89
11 86 46 1 2 50 44 44 1 80 78 1
11 94 19 80 16 21 3 11 50 97 70 36
11 63 15 42 63 87 96 56 16 65 38 73
11 77 80 92 22 55 1 28 61 60 8 98
11 52 2 81 95 30 91 94 91 20 92 25
11 77 7 88 34 62 11 26 51 2 74 30
11 78 99 7 18 97 14 29 12 18 40 63
11 81 89 46 17 50 54 73 98 98 91 93
11 69 72 11 13 51 78 83 45 99 52 26
11 100 46 16 100 73 98 51 95 100 21 36
11 45 57 22 72 34 2 15 34 87 31 46
11 13 69 92 87 97 52 26 65 51 35 54
11 97 6 21 3 80 79 58 19 88 36 92
11 58 5 1 70 31 6 51 82 23 8 43
11 32 47 52 71 30 94 4 52 71 10 26
11 92 44 69 89 66 45 40 70 81 27 99
11 40 13 86 66 30 2 70 5 40 40 4
11 23 97 72 78 38 67 81 73 11 61 29
11 2 68 39 71 83 28 11 34 37 5 29
11 65 67 70 72 67 91 28 9 93 88 48
11 9 55 44 4 19 20 48 1 72 14 67
11 94 95 18 84 78 41 36 7 100 70 84
11 19 36 82 25 65 26 94 23 18 84 99
11 28 55 33 36 48 42 49 97 11 14 36
11 33 11 32 14 42 47 44 69 45 18 95
11 91 47 69 34 73 22 9 73 61 84 49
11 79 49 82 28 2 99 32 35 15 1 89
11 51 55 13 97 38 45 78 90 27 64 52
11 27 3 5 79 94 91 37 71 14 48 45
11 20 93 99 64 9 71 7 71 87 10 40
11 41 22 7 14 13 35 59 39 80 49 19
11 50 48 6 34 53 34 97 48 18 25 90
11 52 22 60 21 92 90 42 45 13 92 26
11 10 95 26 73 74 2 50 60 29 6 43
11 39 27 85 47 100 43 87 86 70 91 5
11 10 34 91 26 46 71 99 38 90 38 96
11 89 16 85 10 80 37 9 5 80 53 39
11 66 41 49 31 34 1 61 77 18 14 60
11 66 22 53 4 39 92 49 25 69 28 85
11 46 4 23 73 6 49 44 74 78 84 7
11 72 36 20 17 48 47 89 77 27 43 72
11 58 54 19 37 49 38 100 71 87 23 76
11 46 64 1 11 2 3 99 3 69 58 67
11 75 73 64 59 83 31 10 10 38 56 20
11 60 37 42 11 84 20 16 72 64 75 40
11 6 91 11 58 93 87 75 10 71 50 58
11 19 76 11 71 43 43 9 99 50 7 91
11 39 30 36 4 26 37 40 27 3 46 34
11 64 46 79 2 10 56 32 25 96 13 86
11 77 87 4 27 34 65 54 74 48 100 9
11 91 21 58 35 20 98 13 8 55 50 20
11 40 15 3 92 75 91 10 7 8 70 5
11 71 45 62 88 66 65 64 2 61 74 68
11 2 54 14 38 74 5 29 96 75 83 42
0
