11 100 35 30 71 14 60 25 23 40 14 7
11 100 18 37 4 58 72 21 52 59 15 55
11 7 67 91 29 50 15 88 53 93 30 45
11 63 96 34 46 73 66 31 62 64 12 5
11 39 89 6 3 50 66 41 71 60 84 87
11 46 80 94 63 61 100 48 73 50 13 45
11 12 81 94 47 20 22 29 46 68 46 94
11 80 41 34 47 12 10 19 60 77 84 27
11 79 2 61 89 43 4 36 41 30 68 80
11 83 23 11 58 70 50 44 78 29 63 42
11 29 6 65 88 37 63 99 13 2 30 5
11 48 34 60 78 97 54 15 63 38 27 30
11 72 90 47 18 83 91 75 74 21 95 34
11 87 29 85 65 38 60 70 79 24 35 48
11 77 37 60 43 83 40 24 15 89 95 14
11 78 48 6 57 78 17 15 100 30 72 13
11 31 47 27 21 75 79 81 84 15 7 71
11 62 86 53 50 85 13 39 51 29 64 39
11 49 79 69 14 31 50 89 41 86 45 76
11 47 1 20 34 95 66 53 15 61 22 48
11 91 45 84 44 25 31 79 17 11 39 85
11 79 53 18 77 39 68 78 89 1 50 36
11 45 87 98 63 84 90 29 8 96 26 96
11 49 21 91 38 63 32 11 39 49 97 84
11 19 82 92 3 80 99 81 11 94 19 95
11 81 17 79 43 16 27 18 68 13 45 18
11 93 13 79 38 23 18 55 5 42 100 73
11 63 67 70 94 62 26 18 13 15 69 46
11 23 32 57 52 87 47 63 37 49 40 92
11 70 16 56 42 19 35 70 5 69 73 80
11 34 72 41 48 11 58 65 48 89 20 67
11 12 56 26 95 6 60 17 80 100 89 78
11 77 58 88 46 4 14 97 98 22 14 77
11 44 2 77 13 99 48 11 22 37 6 39
11 49 39 69 3 91 74 11 92 97 73 94
11 83 61 86 38 31 45 12 75 92 89 67
11 20 69 88 98 28 59 81 93 87 15 20
11 10 43 27 48 84 42 85 52 60 75 3
11 66 44 64 90 56 57 70 86 73 61 8
11 76 28 73 99 41 24 58 55 43 49 47
11 36 13 96 51 100 34 94 17 56 3 69
11 88 62 16 39 30 86 97 29 33 25 70
11 93 90 87 96 53 54 70 55 59 82 80
11 97 82 90 17 1 10 14 73 54 72 85
11 33 51 42 92 34 36 86 76 20 63 54
11 8 46 40 92 85 6 86 79 83 26 56
11 50 37 19 69 29 62 18 73 47 4 57
11 8 52 14 52 68 23 97 77 6 60 55
11 31 34 39 65 54 38 53 75 60 78 68
11 90 47 5 28 37 60 83 61 69 9 87
11 7 8 99 84 80 77 19 1 71 95 21
11 13 96 64 4 85 49 48 57 65 89 91
11 3 43 80 91 65 52 46 51 6 99 13
11 46 59 93 61 52 90 70 59 44 90 18
11 94 54 24 92 62 36 37 48 44 52 67
11 89 40 25 62 41 86 23 3 50 91 100
11 16 81 27 58 27 38 88 63 41 84 89
11 57 47 43 82 46 56 84 49 7 35 96
11 94 61 19 78 9 17 65 19 20 43 65
11 7 77 22 14 98 97 38 2 36 70 54
11 65 55 91 34 54 7 61 58 29 45 59
11 61 17 73 96 28 71 57 6 37 8 8
11 35 5 18 44 11 35 100 21 96 100 5
11 5 90 88 38 45 43 53 52 2 3 12
11 66 96 26 57 90 98 47 12 24 34 98
11 82 79 33 26 85 89 75 59 37 68 68
11 86 36 78 84 75 14 30 52 90 98 47
11 71 75 48 58 100 28 35 37 57 56 50
11 11 97 1 24 36 11 60 26 77 47 77
11 79 13 15 74 70 55 75 88 87 29 21
11 72 68 94 28 73 78 55 44 87 93 63
11 60 78 69 89 88 61 71 12 90 33 80
11 55 7 10 76 100 14 4 63 58 62 60
11 78 54 70 98 74 90 63 95 42 45 49
11 63 70 40 14 12 55 35 12 87 50 81
11 38 41 66 36 11 19 19 31 79 79 5
11 99 18 54 97 30 11 30 94 13 30 89
11 33 21 66 45 35 59 15 71 31 73 84
11 79 89 60 73 33 82 93 99 2 94 61
11 8 94 41 68 3 78 17 66 98 32 44
11 48 60 90 34 67 73 36 15 12 11 78
11 45 52 63 54 75 50 95 72 73 19 60
11 94 60 30 55 99 19 93 84 59 21 37
11 74 25 2 1 12 16 76 46 50 64 85
11 91 71 21 96 40 5 13 86 73 42 54
11 64 89 64 47 95 10 73 35 23 32 26
11 78 60 81 86 81 83 83 50 28 30 34
11 95 91 72 90 64 45 84 88 14 29 40
11 49 34 52 57 19 50 61 78 5 8 67
11 79 72 28 4 65 47 29 63 91 56 80
11 36 60 27 54 52 20 20 11 21 100 70
11 59 5 75 19 29 58 19 8 67 6 37
11 33 82 72 81 67 91 7 10 33 42 92
11 42 17 15 27 57 72 3 76 73 77 90
11 34 99 88 83 9 4 93 99 86 7 81
11 40 95 19 17 50 46 56 43 5 58 40
11 54 35 98 52 77 36 51 25 96 68 72
11 5 62 4 25 71 57 1 19 24 12 6
11 67 3 50 29 63 44 71 37 20 68 12
11 51 95 57 66 68 41 18 80 27 54 71
0
