11 94 100 61 39 30 52 22 33 53 32 77
11 97 78 85 35 96 24 82 8 40 98 59
11 56 28 20 13 72 99 66 34 72 11 60
11 43 42 100 57 81 98 26 24 17 33 1
11 98 44 53 85 83 100 31 87 84 45 100
11 76 82 44 98 20 56 86 54 53 23 32
11 52 46 6 67 67 39 22 31 3 40 64
11 94 73 26 15 47 52 18 81 96 7 1
11 25 57 20 45 51 34 53 31 31 33 50
11 89 82 2 41 7 15 8 94 57 46 78
11 87 97 61 78 85 91 79 53 10 89 24
11 88 18 98 96 87 56 99 97 49 9 18
11 67 55 57 26 10 58 15 3 6 24 84
11 91 60 71 28 31 57 2 43 70 92 29
11 31 27 17 36 51 73 9 99 54 51 54
11 89 30 66 83 91 26 8 38 61 75 67
11 78 76 22 7 87 23 9 61 96 23 21
11 25 56 89 23 10 94 72 90 74 80 41
11 36 85 92 32 63 72 40 48 68 79 71
11 2 55 46 45 99 37 65 13 48 86 55
11 51 51 95 82 97 65 92 78 71 42 76
11 64 70 29 1 81 94 29 44 44 80 14
11 34 24 23 6 25 31 59 55 87 97 48
11 5 63 1 17 28 7 59 13 48 25 38
11 88 50 10 32 74 33 33 5 29 18 93
11 89 37 8 12 63 89 39 91 91 1 28
11 23 58 7 22 34 49 80 36 55 80 91
11 95 76 98 26 36 62 15 65 19 78 45
11 95 22 94 96 55 30 76 37 40 79 76
11 38 38 95 74 57 22 77 38 94 26 20
11 4 50 13 44 72 26 4 49 30 41 13
11 8 20 3 55 30 48 75 44 58 85 57
11 59 63 35 53 29 48 47 67 19 93 53
11 48 78 71 81 89 83 32 73 52 79 53
11 12 12 50 24 16 90 69 86 78 74 97
11 70 28 7 51 12 53 72 42 58 25 68
11 95 97 59 33 86 59 6 21 77 1 96
11 26 74 20 96 13 94 10 28 82 81 83
11 59 58 26 86 80 77 80 30 98 46 15
11 9 89 82 44 12 18 10 3 29 84 54
11 71 86 51 95 61 31 26 72 15 96 54
11 14 96 84 93 65 16 51 29 71 6 35
11 60 43 18 37 37 86 45 44 67 56 100
11 2 23 74 37 8 12 13 30 87 54 15
11 8 85 94 97 51 67 30 37 43 8 74
11 25 95 68 47 74 47 2 85 3 34 4
11 2 18 22 22 70 17 70 54 14 65 41
11 90 61 1 13 79 20 90 36 11 50 28
11 8 55 60 56 98 36 74 68 36 4 25
11 53 27 83 37 72 76 55 96 17 13 58
11 26 92 9 63 100 49 20 73 96 87 92
11 40 99 22 48 57 2 23 3 57 35 32
11 42 94 88 5 36 15 54 81 79 46 16
11 23 79 3 14 54 11 29 5 7 44 85
11 77 30 98 70 50 7 18 89 90 36 90
11 92 23 17 93 90 1 55 51 72 30 69
11 24 3 70 41 97 35 36 56 71 99 46
11 66 81 54 61 69 38 18 4 92 3 59
11 83 83 27 56 57 54 32 67 67 88 8
11 59 96 70 34 56 81 25 66 26 82 93
11 31 58 84 16 62 65 86 100 41 75 67
11 44 76 1 38 62 80 28 48 58 2 67
11 11 98 18 91 40 19 85 14 5 79 41
11 73 41 46 87 35 48 32 100 59 31 16
11 29 37 83 63 54 98 83 59 79 75 49
11 96 33 93 42 66 70 11 26 53 32 51
11 6 33 69 26 22 4 24 11 43 10 93
11 72 5 6 54 58 3 76 46 30 8 11
11 67 9 86 37 92 28 78 77 94 21 82
11 37 51 95 95 8 89 24 56 100 1 94
11 40 61 8 79 8 81 28 34 84 41 88
11 63 16 89 53 99 21 65 93 34 38 95
11 33 22 4 97 91 5 41 95 88 26 36
11 86 88 21 43 50 20 65 79 30 56 32
11 13 49 77 86 90 64 87 10 69 47 56
11 91 41 86 31 22 2 54 31 34 45 44
11 14 37 95 58 15 25 15 76 95 43 84
11 83 78 99 27 14 94 78 3 21 84 70
11 26 51 23 48 39 55 5 64 94 59 62
11 38 64 58 44 56 10 80 94 69 57 56
11 73 96 14 43 20 42 72 44 96 6 87
11 48 100 35 85 6 32 65 28 15 40 40
11 51 37 32 75 37 51 67 41 76 79 60
11 54 32 91 67 60 41 21 29 73 55 37
11 86 1 59 21 12 62 99 76 76 60 70
11 12 78 30 99 36 47 23 58 74 87 82
11 21 94 29 51 48 27 26 65 27 58 17
11 69 85 70 54 9 62 39 23 54 39 31
11 39 73 91 23 34 48 82 66 5 30 24
11 17 96 40 56 15 96 32 35 80 78 28
11 28 61 13 31 51 19 71 72 82 42 99
11 4 16 12 37 3 16 71 3 63 31 47
11 47 13 6 5 22 76 26 41 35 76 83
11 40 58 52 52 75 89 69 5 60 37 35
11 63 15 58 89 61 92 8 72 28 88 18
11 97 44 72 69 98 10 19 53 36 50 13
11 77 79 78 1 9 98 10 90 89 77 16
11 16 22 33 28 50 1 43 52 92 48 81
11 93 30 12 18 25 33 33 81 18 52 13
11 42 25 9 99 93 4 3 36 92 26 60
0
