11 10 7 89 48 29 27 62 67 43 40 85
11 40 4 72 48 83 45 2 97 67 90 60
11 40 53 76 66 52 24 62 14 79 62 76
11 76 20 75 65 59 92 73 34 99 73 1
11 8 12 87 73 39 24 49 8 82 60 5
11 54 2 95 92 25 18 93 17 85 66 28
11 98 43 16 25 52 23 85 25 72 79 81
11 62 29 68 29 30 2 79 54 64 50 41
11 82 39 30 13 21 59 53 95 86 33 54
11 15 27 39 31 31 64 22 90 31 10 74
11 44 83 41 16 50 54 52 90 28 17 89
11 75 94 41 6 5 91 28 54 21 32 72
11 46 63 61 27 99 23 91 92 8 60 10
11 1 49 7 19 79 68 19 2 66 33 21
11 18 57 46 39 54 86 12 40 88 2 64
11 83 97 66 54 8 36 67 63 11 4 88
11 91 10 32 82 49 68 78 16 76 89 56
11 24 56 1 39 50 22 53 71 53 81 24
11 29 80 40 75 76 4 86 89 37 83 21
11 30 58 40 96 27 18 67 16 53 51 35
11 41 11 50 73 62 80 60 92 54 94 75
11 2 91 50 63 30 81 8 27 18 93 74
11 19 33 28 25 51 79 95 76 44 42 72
11 81 59 78 18 10 64 27 39 89 20 78
11 83 37 58 62 41 49 16 30 30 90 9
11 93 70 85 45 93 47 31 29 24 38 87
11 34 41 21 14 17 100 3 89 59 38 2
11 58 99 68 86 48 61 5 67 39 44 75
11 78 65 48 87 94 28 24 90 2 80 98
11 90 78 73 25 21 11 69 98 13 89 96
11 1 27 67 30 22 97 2 28 98 52 98
11 44 39 83 71 99 57 8 77 2 16 33
11 51 69 75 95 78 95 71 18 92 8 33
11 20 9 9 38 1 34 10 49 79 29 34
11 63 36 97 35 30 5 31 75 100 87 31
11 33 88 73 12 46 95 20 15 4 73 71
11 31 37 87 81 91 32 96 46 33 54 28
11 63 38 80 61 26 83 17 42 2 2 95
11 83 4 59 41 2 24 90 52 80 87 98
11 24 35 13 89 23 16 74 34 9 66 66
11 89 71 77 79 57 62 74 96 12 71 84
11 68 36 33 8 99 61 71 6 77 45 89
11 27 85 63 81 39 38 97 48 20 46 81
11 95 62 63 62 67 3 56 28 21 95 32
11 42 83 4 18 17 85 27 77 45 4 51
11 46 7 25 79 100 2 13 52 48 44 80
11 41 31 10 32 66 18 44 10 17 33 66
11 93 95 39 84 55 88 62 89 56 14 34
11 60 60 28 25 88 73 52 7 25 71 69
11 15 60 33 23 70 79 90 68 38 63 4
11 49 100 3 44 56 53 70 63 33 47 14
11 80 80 28 4 12 100 31 88 76 10 10
11 52 86 2 64 77 71 15 57 7 68 98
11 8 31 44 16 61 63 87 76 72 17 33
11 9 30 29 30 58 64 73 37 25 57 87
11 19 50 69 94 40 3 84 94 41 53 84
11 22 84 6 43 73 69 87 85 97 62 18
11 3 31 63 9 58 7 52 84 39 9 76
11 84 72 90 42 38 15 73 71 16 58 81
11 28 40 71 84 69 98 99 38 27 99 23
11 84 47 52 17 96 53 66 78 1 88 24
11 68 9 71 71 84 76 89 9 27 49 62
11 41 25 47 51 28 76 4 29 69 25 77
11 85 72 42 71 67 100 40 16 97 58 15
11 7 19 42 44 98 45 45 44 52 89 98
11 56 58 39 82 41 47 83 3 45 57 35
11 20 60 4 74 7 37 1 77 30 65 81
11 40 28 78 83 54 79 36 8 90 22 57
11 46 21 60 23 40 97 61 25 69 83 82
11 99 31 71 4 6 65 58 39 48 77 85
11 24 56 48 31 85 99 15 7 1 67 63
11 65 38 73 93 72 52 55 16 31 32 99
11 48 25 23 15 36 62 42 61 20 11 14
11 15 57 45 13 17 11 31 99 80 28 95
11 56 75 71 40 78 24 72 41 95 56 63
11 13 10 52 16 86 51 93 14 92 58 43
11 1 1 96 22 23 23 21 29 86 18 65
11 45 14 59 1 71 61 46 47 78 25 22
11 99 92 76 30 22 43 95 68 5 35 72
11 93 10 55 26 90 73 85 4 56 6 44
11 66 92 5 21 100 70 52 54 40 52 45
11 4 34 46 22 3 96 62 6 100 36 46
11 90 86 54 77 10 30 34 99 19 46 72
11 100 44 46 44 69 57 82 93 24 44 79
11 46 26 12 61 79 94 21 37 2 16 10
11 41 46 35 53 37 90 48 40 29 70 65
11 48 93 2 83 15 32 96 37 69 34 69
11 42 9 29 89 80 91 19 93 35 60 7
11 21 88 64 33 1 80 60 4 97 82 84
11 43 2 44 74 39 17 39 71 69 27 61
11 18 87 83 66 54 90 66 14 37 76 81
11 49 86 11 50 5 32 19 10 28 13 44
11 35 60 26 59 29 87 14 75 67 29 10
11 56 19 89 76 78 32 87 84 12 33 13
11 71 39 94 48 52 14 47 94 70 19 89
11 98 39 37 6 37 26 49 57 76 87 31
11 83 39 17 66 65 69 55 79 45 41 52
11 49 12 73 100 37 10 53 3 89 22 52
11 4 87 45 100 72 19 26 40 66 47 61
11 95 16 67 69 99 48 86 24 12 92 80
0
