11 82 76 91 20 13 44 96 85 3 96 38
11 55 15 92 47 17 6 15 3 10 19 94
11 80 80 49 2 96 60 80 74 63 64 36
11 68 47 64 10 19 22 77 18 24 29 63
11 78 57 99 18 36 58 58 100 51 43 60
11 94 60 39 63 32 52 28 29 51 99 95
11 66 28 15 95 63 71 39 90 81 13 27
11 17 69 22 57 29 91 95 7 22 1 5
11 31 56 88 44 20 29 35 79 59 28 25
11 72 6 79 38 43 33 75 85 56 3 57
11 48 7 4 88 65 20 41 48 25 44 62
11 50 13 72 96 82 4 29 59 38 71 92
11 93 20 4 42 77 99 3 77 84 79 60
11 63 62 23 93 12 11 57 91 28 92 21
11 12 86 88 34 8 100 79 74 54 56 54
11 37 19 16 70 62 93 42 92 50 29 22
11 14 90 47 54 83 39 79 9 45 77 54
11 87 32 65 80 85 44 37 92 60 8 58
11 18 57 81 92 11 69 21 11 48 94 33
11 25 46 50 71 41 58 90 50 98 42 68
11 72 44 94 84 98 13 18 45 74 100 69
11 88 78 5 35 52 9 37 28 5 47 79
11 28 84 74 20 35 8 75 40 82 4 100
11 67 65 20 88 83 36 54 62 46 21 54
11 48 81 59 9 91 100 25 51 78 66 27
11 92 60 18 62 75 99 50 88 75 73 40
11 82 86 99 11 46 74 87 25 92 54 59
11 59 85 91 66 37 40 46 97 84 4 31
11 96 38 60 18 99 30 9 1 61 97 79
11 6 90 13 3 11 33 92 4 78 36 81
11 22 58 68 27 67 88 82 67 67 11 28
11 37 75 62 6 86 61 78 81 34 95 99
11 86 69 36 53 88 92 1 47 2 69 73
11 15 12 11 56 9 69 77 3 34 47 74
11 49 95 5 64 56 18 89 34 10 98 78
11 94 85 54 67 35 62 48 86 88 53 68
11 45 28 51 71 95 3 10 59 97 18 6
11 8 23 90 89 34 61 1 24 34 83 78
11 78 19 60 76 55 63 20 11 13 3 69
11 47 87 8 80 49 62 78 54 80 56 90
11 33 57 97 93 50 68 62 1 40 19 58
11 61 82 8 76 57 27 4 66 6 71 7
11 39 40 3 63 52 39 70 24 97 57 50
11 77 4 95 10 6 75 77 38 67 30 91
11 29 2 93 13 44 64 40 79 75 12 54
11 40 21 69 11 94 81 39 84 52 15 2
11 38 44 66 75 4 6 68 80 67 1 93
11 51 63 16 74 39 30 37 57 75 93 36
11 85 31 89 32 99 56 22 52 40 100 86
11 76 95 56 11 37 15 84 26 75 86 93
11 1 78 41 85 54 57 61 71 58 56 87
11 85 84 60 64 92 54 1 52 11 34 83
11 79 92 62 26 66 89 34 33 32 59 40
11 27 7 21 34 61 55 40 28 83 13 30
11 17 29 28 50 52 30 23 31 80 46 8
11 56 24 1 58 64 81 59 87 86 70 34
11 97 53 95 79 19 51 35 14 68 56 72
11 21 91 14 68 20 22 71 33 19 84 15
11 66 65 59 17 25 70 55 21 41 99 94
11 64 33 25 81 15 88 32 31 25 8 48
11 29 45 78 95 37 93 96 68 73 38 19
11 95 64 88 64 1 37 21 80 28 39 13
11 47 41 89 97 94 67 99 82 7 88 22
11 70 43 54 11 19 27 52 61 44 63 26
11 86 44 22 48 91 44 16 7 91 53 55
11 42 19 40 33 80 79 36 39 82 74 62
11 58 46 32 66 80 67 66 89 94 43 68
11 31 89 27 14 21 40 89 100 57 3 53
11 23 49 66 94 25 53 49 59 34 8 64
11 70 65 15 76 45 94 50 29 2 30 84
11 27 18 10 18 64 21 46 51 72 72 21
11 59 47 83 53 26 36 82 96 40 64 23
11 26 40 67 43 55 98 98 95 94 94 53
11 5 39 59 48 68 78 84 81 96 85 26
11 46 64 76 63 86 51 21 43 30 81 10
11 38 68 95 76 62 20 69 85 43 7 37
11 10 96 5 94 71 84 28 14 39 15 43
11 52 93 40 41 50 29 92 42 12 30 1
11 80 15 4 29 4 81 21 69 61 28 21
11 18 6 82 6 3 23 53 35 41 84 52
11 65 28 94 51 61 88 36 83 33 97 80
11 42 49 99 100 90 70 21 66 88 49 17
11 55 21 79 93 79 65 42 65 39 92 84
11 1 13 38 3 14 1 7 28 5 17 8
11 22 73 27 61 51 51 87 96 95 31 44
11 19 53 33 32 90 22 42 43 12 33 30
11 22 12 45 95 96 59 62 43 62 41 34
11 30 73 38 5 15 20 44 21 34 2 91
11 61 93 61 84 20 84 1 15 1 90 32
11 60 5 69 94 52 88 46 66 74 95 51
11 67 28 48 85 61 80 89 10 28 66 62
11 68 48 8 72 60 63 22 67 55 24 93
11 16 67 53 34 90 53 68 13 4 87 32
11 25 59 73 42 65 53 26 18 32 64 33
11 43 32 99 65 35 20 95 71 82 69 47
11 18 71 77 50 98 25 52 17 54 24 66
11 38 95 22 37 59 14 45 40 68 53 7
11 10 15 80 53 90 23 11 14 68 77 81
11 19 56 67 27 25 42 78 93 15 2 54
11 22 14 38 53 47 60 35 50 5 67 9
0
