11 98 100 67 16 72 79 3 52 9 33 46
11 3 75 53 83 63 43 99 98 31 18 4
11 30 39 61 56 91 80 29 27 93 21 10
11 53 71 17 25 99 75 46 45 16 15 24
11 6 84 73 95 72 9 32 9 35 71 98
11 88 45 54 46 73 26 60 43 14 65 40
11 92 78 79 75 32 79 23 53 70 65 5
11 60 73 2 49 62 25 82 37 45 29 61
11 59 48 34 15 56 24 78 29 25 100 99
11 31 57 51 38 58 93 5 35 51 96 93
11 20 97 26 30 98 8 47 92 60 63 26
11 54 98 93 48 95 98 12 32 66 38 55
11 32 71 7 11 50 15 75 37 86 63 21
11 94 3 2 73 39 74 49 43 100 93 21
11 70 29 70 93 38 85 48 49 39 71 35
11 74 74 94 85 88 57 12 32 46 10 23
11 72 5 77 93 29 48 66 54 38 81 83
11 72 69 49 48 15 11 25 50 95 68 98
11 90 83 76 95 21 80 97 73 29 79 1
11 16 35 48 40 93 21 24 92 8 16 46
11 9 69 26 62 100 55 73 2 83 65 40
11 71 26 36 43 80 58 54 95 2 82 18
11 97 8 73 64 35 58 99 84 77 30 7
11 15 81 30 22 67 58 29 41 61 99 96
11 83 56 68 45 10 39 100 80 20 48 6
11 47 49 1 89 16 66 41 38 21 14 17
11 61 87 7 27 76 68 70 28 45 96 31
11 34 19 51 22 54 31 34 29 24 74 91
11 87 20 55 78 43 74 92 54 39 61 45
11 10 70 1 3 18 13 79 52 14 1 66
11 45 93 41 93 90 66 74 53 97 12 76
11 16 41 61 17 87 74 62 58 88 74 25
11 90 13 52 36 66 22 25 2 3 77 40
11 8 88 73 75 62 35 60 88 95 79 43
11 14 3 80 88 56 49 90 62 12 78 97
11 74 30 61 14 17 32 28 16 75 42 24
11 22 82 63 45 89 96 46 64 10 83 60
11 50 32 95 35 42 48 31 27 24 74 100
11 77 75 53 44 37 48 72 26 58 68 20
11 68 6 71 26 54 36 79 49 34 37 97
11 13 13 17 75 31 43 39 55 85 44 22
11 28 62 51 87 83 95 49 69 73 41 51
11 19 100 91 92 56 15 85 98 66 100 23
11 96 44 33 92 22 31 87 42 77 7 68
11 58 2 48 68 5 37 13 66 14 63 100
11 40 5 5 92 89 41 84 50 87 18 67
11 4 27 58 52 48 9 25 75 35 32 100
11 72 38 70 62 32 4 61 91 56 19 72
11 2 66 63 13 14 8 91 83 6 75 79
11 51 73 49 86 43 18 63 95 76 85 31
11 13 95 58 82 14 44 71 1 64 2 12
11 30 30 26 72 18 87 86 47 59 99 50
11 79 12 29 47 5 5 52 36 36 33 3
11 79 57 57 41 15 70 100 37 96 1 70
11 72 69 46 42 31 66 13 100 24 23 38
11 75 81 36 50 51 71 15 78 83 46 100
11 20 4 67 39 89 75 56 81 99 61 5
11 9 44 44 74 6 69 36 24 91 94 28
11 85 10 5 48 92 10 10 70 23 7 33
11 68 15 4 20 40 23 25 100 35 89 55
11 56 31 50 70 37 10 85 50 100 48 2
11 69 74 89 45 52 73 24 50 29 89 71
11 22 58 14 49 32 21 46 13 5 63 59
11 69 73 6 98 24 38 39 11 60 60 26
11 49 36 88 6 54 82 59 41 44 65 54
11 76 44 99 11 43 28 46 31 37 99 65
11 20 35 72 82 83 43 44 78 67 31 10
11 68 4 60 38 92 85 67 39 57 81 39
11 65 2 34 1 65 18 6 64 56 26 27
11 79 28 48 53 54 70 3 10 74 33 66
11 73 90 93 18 54 43 4 3 3 14 18
11 34 19 1 27 74 95 73 73 85 82 4
11 92 83 75 75 14 31 98 2 59 77 32
11 23 6 75 16 5 72 56 22 55 98 95
11 23 45 1 10 96 87 39 58 92 21 17
11 43 57 31 64 41 3 83 98 50 36 96
11 65 85 92 1 16 15 40 59 46 29 38
11 16 70 81 72 23 33 78 66 54 56 14
11 83 78 43 27 85 61 23 4 1 32 23
11 95 97 24 58 48 28 45 69 23 44 7
11 44 27 15 37 56 27 52 51 99 10 42
11 51 92 100 28 52 38 35 71 76 60 68
11 93 5 99 24 78 83 80 39 36 80 30
11 64 6 96 39 82 86 16 16 47 41 75
11 58 11 43 72 68 84 3 16 79 53 62
11 91 20 94 35 38 62 7 28 48 16 37
11 44 25 87 18 68 97 53 40 16 74 9
11 26 51 26 47 94 24 83 65 55 53 52
11 95 47 54 89 8 13 42 84 10 2 85
11 8 48 1 29 31 96 77 92 63 91 27
11 28 5 36 54 14 46 65 96 17 24 38
11 14 39 29 81 39 26 55 12 58 21 64
11 61 74 30 1 83 7 56 63 57 7 10
11 5 96 7 58 57 16 77 48 61 12 40
11 3 66 2 58 66 97 6 65 9 55 82
11 56 67 39 80 53 12 49 6 59 88 58
11 73 42 15 59 25 34 64 40 60 15 17
11 3 59 30 52 46 100 52 60 78 56 85
11 28 17 13 8 33 7 83 41 99 80 61
11 25 73 57 33 23 58 50 12 66 77 54
0
