11 83 83 6 66 6 82 78 16 95 99 84
11 11 8 87 89 75 35 38 7 39 10 95
11 12 79 11 32 22 22 42 98 59 48 15
11 81 25 2 92 79 36 71 50 31 24 1
11 92 26 98 9 43 65 80 72 22 93 1
11 96 32 45 48 72 36 18 92 76 78 96
11 56 84 14 32 20 39 13 58 12 64 92
11 18 67 74 86 100 14 82 79 81 99 61
11 87 49 63 32 77 47 70 12 88 24 2
11 10 24 12 33 2 98 58 100 34 10 63
11 33 46 58 62 96 97 71 75 2 90 49
11 94 16 74 57 11 80 32 74 17 70 47
11 98 44 4 14 90 24 72 21 85 55 95
11 65 47 23 11 41 61 62 95 2 18 14
11 71 91 3 21 71 22 84 98 37 63 48
11 71 59 43 95 40 63 80 85 16 65 26
11 30 62 3 70 28 50 28 62 68 7 96
11 1 33 38 93 56 5 1 3 46 18 97
11 1 95 5 5 90 95 81 46 99 90 19
11 8 60 80 74 100 28 94 98 83 99 86
11 70 25 21 82 18 72 31 81 36 3 54
11 31 95 29 5 35 7 84 30 20 77 18
11 17 11 82 71 52 77 78 23 79 37 34
11 79 95 30 62 28 59 70 11 53 10 38
11 2 63 76 34 2 62 17 81 96 42 84
11 100 8 63 6 68 13 83 49 18 13 7
11 4 14 38 53 41 79 97 49 42 30 86
11 6 86 18 86 69 68 49 77 37 71 10
11 75 33 44 63 66 35 45 21 27 77 39
11 18 22 4 90 55 43 81 13 56 13 72
11 93 14 67 88 80 32 80 3 71 1 29
11 24 21 25 97 11 55 26 100 70 72 24
11 8 70 78 70 6 1 68 28 86 91 31
11 90 81 15 24 41 24 28 23 57 21 5
11 90 71 95 83 14 34 16 89 23 9 27
11 18 28 60 8 16 61 25 23 88 69 22
11 68 31 28 68 26 96 65 30 87 63 49
11 97 24 42 43 72 79 43 1 68 37 19
11 97 62 98 86 58 64 100 15 26 14 24
11 31 48 43 1 63 99 93 67 79 37 74
11 99 82 46 23 9 23 61 71 34 77 17
11 6 21 12 98 20 10 37 56 26 1 84
11 21 64 82 40 82 68 53 48 70 3 77
11 54 39 81 94 57 67 7 95 68 40 22
11 23 5 98 3 89 72 41 63 67 49 30
11 52 4 49 78 61 85 14 33 55 9 41
11 62 13 34 10 52 24 28 75 54 20 30
11 65 45 99 44 96 98 72 74 3 75 34
11 76 24 30 15 95 82 53 43 16 60 98
11 4 73 53 79 89 72 23 82 10 12 33
11 11 40 43 7 55 93 39 81 28 95 49
11 55 55 78 11 71 50 75 77 20 32 20
11 83 87 68 59 39 17 6 92 47 1 76
11 95 51 76 19 34 68 59 94 63 8 16
11 57 86 89 37 45 83 89 15 36 43 1
11 83 15 65 63 19 92 16 6 96 9 48
11 84 38 47 27 62 42 28 49 16 72 56
11 63 53 33 100 90 40 66 14 24 45 77
11 65 49 33 58 72 47 16 22 92 46 85
11 59 75 84 5 89 91 38 22 47 84 30
11 35 35 33 1 5 65 41 15 88 30 45
11 72 51 98 24 66 99 35 100 11 11 29
11 11 10 34 44 45 38 30 57 12 86 64
11 58 40 35 4 100 62 12 26 93 91 89
11 5 47 26 40 34 12 70 12 65 62 55
11 27 43 60 40 48 79 2 86 50 74 6
11 11 69 30 30 81 27 32 91 40 62 70
11 81 95 84 96 61 12 80 32 36 58 13
11 21 85 95 69 33 70 20 68 74 31 44
11 83 95 69 2 28 68 59 63 20 91 100
11 7 37 39 68 97 61 23 60 18 87 25
11 9 63 81 41 65 42 43 84 42 58 68
11 38 88 29 52 87 34 60 98 67 20 98
11 24 74 100 29 56 27 42 57 13 21 67
11 94 31 87 42 74 8 85 31 98 89 11
11 78 57 37 82 79 59 14 91 60 87 86
11 5 78 13 76 19 58 59 59 39 72 78
11 64 30 47 6 49 83 37 38 42 71 16
11 59 77 71 90 53 29 31 46 56 56 68
11 64 88 10 8 88 18 22 21 18 47 76
11 26 86 11 56 79 72 44 31 98 51 43
11 55 48 83 69 58 58 52 79 36 62 22
11 66 66 10 48 32 88 44 4 95 78 37
11 1 21 20 82 52 8 91 75 61 37 72
11 3 84 7 51 32 3 8 80 5 78 83
11 79 12 93 2 91 85 83 12 3 76 50
11 72 64 38 86 52 26 83 31 37 34 18
11 78 59 69 34 15 81 23 4 27 68 90
11 98 61 40 90 59 86 37 19 46 70 11
11 31 29 98 26 94 29 5 94 34 28 19
11 70 51 84 53 4 77 19 70 48 83 25
11 90 38 77 49 14 23 29 92 85 100 38
11 29 39 37 97 66 91 25 65 48 6 51
11 6 25 79 74 15 94 49 91 1 9 34
11 63 92 61 10 20 46 25 91 85 34 84
11 65 46 39 57 57 94 50 40 16 95 58
11 97 2 39 3 13 76 82 29 13 31 49
11 100 74 39 26 29 94 92 99 8 96 97
11 99 70 83 86 12 45 23 84 56 54 13
11 29 71 15 92 98 39 91 33 98 54 99
0
