11 99 19 49 11 26 8 33 2 27 74 54
11 8 40 100 81 22 80 27 68 47 73 22
11 90 13 87 7 1 10 58 3 94 91 14
11 85 83 36 83 99 5 62 67 56 23 49
11 30 2 43 53 9 32 30 17 96 52 99
11 3 39 40 65 7 68 22 71 51 70 70
11 66 36 53 96 73 83 18 92 80 91 92
11 95 23 35 29 55 83 23 83 2 27 80
11 34 76 97 38 30 95 27 95 51 12 77
11 62 1 41 6 37 83 89 47 8 84 24
11 25 82 12 29 46 66 37 26 74 49 1
11 59 32 78 81 22 3 99 100 39 25 15
11 75 8 23 93 81 16 59 92 98 18 80
11 76 81 85 3 2 79 2 15 4 36 90
11 10 4 80 99 11 19 87 14 88 70 74
11 66 98 77 70 52 32 33 67 67 42 56
11 46 31 2 74 16 47 60 71 91 28 91
11 4 40 25 79 68 55 13 68 16 78 76
11 1 83 33 93 23 69 23 76 81 14 74
11 36 92 59 5 18 63 88 51 58 64 53
11 96 54 43 64 52 29 29 69 96 28 33
11 2 38 4 51 84 89 21 86 26 73 44
11 28 29 65 33 9 93 34 39 76 4 93
11 60 66 33 46 29 21 61 12 23 98 10
11 44 37 88 67 70 30 56 44 67 14 70
11 51 33 69 81 81 17 48 64 57 75 61
11 5 62 17 13 98 11 49 33 40 87 93
11 38 87 66 77 43 5 13 100 14 34 86
11 40 38 5 20 1 60 2 79 73 47 8
11 15 1 74 39 52 100 50 42 33 48 82
11 62 73 58 83 99 56 8 80 13 22 51
11 35 75 83 68 75 4 67 95 59 58 20
11 34 35 84 11 56 89 53 8 5 26 56
11 71 59 96 11 36 79 81 22 26 34 70
11 28 64 64 34 85 96 50 53 41 90 16
11 13 90 73 66 12 85 97 68 12 70 89
11 73 16 17 39 45 45 25 11 60 18 72
11 61 67 32 38 72 73 21 67 83 23 59
11 48 22 77 94 14 7 37 75 70 66 7
11 49 44 20 90 47 7 64 69 90 67 1
11 7 61 18 16 17 23 17 41 87 58 22
11 45 74 34 63 70 8 100 70 56 2 21
11 18 32 47 55 27 87 6 56 76 24 94
11 10 25 59 98 91 79 11 29 21 49 75
11 44 5 62 38 45 46 81 61 45 53 65
11 61 74 41 69 42 87 2 12 74 94 83
11 15 3 27 52 84 9 91 72 11 48 32
11 76 49 91 4 58 72 45 14 50 98 53
11 4 2 45 17 91 9 91 19 61 94 9
11 53 77 12 61 59 94 96 6 87 29 45
11 69 73 85 91 81 29 25 14 36 47 69
11 78 96 5 19 17 93 15 9 69 13 28
11 27 85 43 18 42 16 14 9 100 97 77
11 85 37 45 71 13 75 74 85 71 77 100
11 21 38 30 98 90 27 57 12 46 13 34
11 93 55 80 88 36 97 14 1 4 11 85
11 82 89 66 40 55 85 95 97 37 40 8
11 32 97 80 53 38 52 94 37 12 85 70
11 48 39 50 69 41 41 19 62 37 83 5
11 50 27 24 46 53 59 65 67 63 86 98
11 95 15 7 36 60 7 68 85 85 57 52
11 90 49 71 41 43 66 19 12 54 10 9
11 61 66 4 73 61 75 69 4 17 25 1
11 7 96 25 52 40 82 95 61 86 89 4
11 98 12 78 8 47 86 16 18 77 29 48
11 65 88 84 28 16 29 99 44 100 34 88
11 96 65 96 56 63 71 14 33 61 28 95
11 15 31 23 62 1 52 87 51 74 100 83
11 95 56 26 90 28 21 36 64 95 85 50
11 92 91 4 100 96 87 18 72 95 25 65
11 36 93 10 55 18 18 78 49 30 57 64
11 83 65 95 35 81 59 17 55 12 39 59
11 71 79 84 63 69 73 56 6 33 44 33
11 66 60 87 40 2 79 5 45 94 91 11
11 98 30 52 44 67 38 99 35 83 61 39
11 25 3 84 75 58 15 14 85 48 3 85
11 71 94 83 26 11 59 65 87 30 62 13
11 28 9 49 27 68 59 51 74 37 67 19
11 49 42 66 85 30 6 55 39 48 19 39
11 97 78 16 56 50 27 72 26 57 49 51
11 96 89 72 3 98 81 92 93 99 8 87
11 90 78 57 69 18 50 40 63 20 46 22
11 23 67 32 10 66 96 66 36 87 12 99
11 59 32 51 48 83 44 13 91 33 72 28
11 6 8 16 82 17 20 89 91 69 54 32
11 60 97 96 86 52 91 59 4 24 21 99
11 98 51 94 46 47 35 23 89 100 51 50
11 100 26 58 42 73 24 97 51 41 30 89
11 41 99 35 44 84 22 17 50 9 22 46
11 95 96 22 37 68 95 45 88 56 55 30
11 9 42 55 19 59 85 98 23 57 91 22
11 96 6 91 58 96 53 6 69 71 69 37
11 33 99 54 77 87 23 90 19 9 38 67
11 31 10 64 62 92 50 12 81 67 34 66
11 70 54 88 31 26 96 84 66 6 23 69
11 100 13 1 59 14 5 51 43 89 9 83
11 54 3 58 10 16 99 41 80 67 41 63
11 45 88 90 62 12 13 40 33 78 90 63
11 64 36 19 83 6 9 58 33 54 56 55
11 73 29 47 15 74 10 62 59 50 18 23
0
