11 58 32 31 15 62 53 39 21 73 66 21
11 70 75 16 67 33 13 54 31 37 16 4
11 42 42 76 31 20 45 93 12 89 53 19
11 46 69 59 66 91 30 57 64 43 77 71
11 56 17 15 90 17 6 97 94 55 72 66
11 16 7 92 7 93 9 84 39 27 83 21
11 62 94 49 12 68 82 3 84 99 67 64
11 77 74 61 89 16 66 84 75 80 43 48
11 19 79 78 19 34 77 49 28 69 11 64
11 63 3 64 21 91 94 15 69 99 48 16
11 80 14 42 80 62 1 28 20 84 20 60
11 57 2 38 38 60 97 13 65 9 36 94
11 84 42 59 53 19 54 73 98 24 31 10
11 20 11 37 15 75 86 9 13 85 71 2
11 56 65 32 24 73 82 32 39 14 3 92
11 86 72 55 73 26 64 43 37 13 3 72
11 53 85 79 73 85 70 58 22 88 54 45
11 62 40 97 96 82 90 73 94 74 95 61
11 59 95 62 43 69 8 85 38 56 86 75
11 14 75 19 1 31 16 45 58 13 8 56
11 46 80 19 34 10 67 7 4 53 66 61
11 91 38 53 2 61 41 67 75 53 46 77
11 71 17 14 57 82 59 86 31 63 56 85
11 48 92 45 93 12 54 68 38 86 57 7
11 2 80 45 60 30 64 82 30 42 54 99
11 31 100 27 93 71 11 28 48 68 75 61
11 18 52 90 62 19 17 98 84 91 45 73
11 75 19 22 50 31 40 24 50 29 22 81
11 59 26 87 90 22 52 9 38 23 72 57
11 91 62 23 22 89 17 60 47 70 48 12
11 80 72 59 62 30 24 46 66 61 92 83
11 65 34 40 62 38 78 40 41 85 70 54
11 44 25 75 83 19 67 13 97 11 25 100
11 13 91 17 87 18 47 61 52 3 80 61
11 21 4 16 40 57 56 97 78 68 16 81
11 90 25 76 68 48 22 36 1 72 78 73
11 4 91 99 62 89 66 35 29 26 13 65
11 95 31 56 12 93 35 77 63 62 84 51
11 29 86 16 64 73 40 59 71 83 92 48
11 88 22 35 11 17 97 52 54 25 37 41
11 36 99 64 87 15 26 96 15 50 20 91
11 79 95 2 71 97 92 7 79 22 13 21
11 37 90 26 77 36 92 6 70 49 53 82
11 50 21 59 18 64 85 29 90 74 75 34
11 50 78 11 74 32 89 82 64 54 57 86
11 50 13 64 66 59 7 67 9 24 74 91
11 47 91 54 79 8 81 5 22 8 26 23
11 21 21 56 77 83 44 24 86 65 56 96
11 64 68 72 55 73 40 94 74 48 3 37
11 73 100 64 85 74 87 39 36 98 35 35
11 65 6 56 38 72 60 27 36 68 100 77
11 46 89 38 1 90 87 10 15 18 20 48
11 88 94 50 82 19 64 81 35 11 98 75
11 69 76 73 35 91 36 18 96 34 97 95
11 71 34 49 45 76 25 11 91 80 88 70
11 42 93 26 37 25 43 18 37 24 20 73
11 22 94 85 93 48 68 75 61 51 61 52
11 82 35 83 33 95 21 88 41 81 31 55
11 17 77 94 69 12 52 38 5 39 90 57
11 92 82 22 45 69 25 21 73 37 97 54
11 85 27 83 83 45 24 23 31 37 81 67
11 40 62 46 66 11 31 100 77 71 66 2
11 21 11 22 14 87 56 3 83 78 18 100
11 62 69 86 42 26 73 75 29 13 97 23
11 84 62 39 49 86 5 16 33 56 66 31
11 94 11 58 68 88 38 27 54 35 25 74
11 55 36 73 16 56 51 96 66 85 21 5
11 47 13 49 69 5 14 3 45 86 12 17
11 16 41 48 70 65 64 22 27 18 71 22
11 40 17 92 68 21 40 69 39 11 16 71
11 36 23 46 23 62 94 13 36 40 63 25
11 60 31 65 45 68 79 96 45 59 1 39
11 86 27 69 48 38 21 13 97 62 31 78
11 4 75 31 5 26 41 26 19 12 58 86
11 38 70 46 46 86 65 17 9 48 97 14
11 90 90 4 43 78 9 54 30 63 29 78
11 38 30 18 2 93 9 4 80 31 72 68
11 89 27 25 66 10 41 86 67 1 34 15
11 97 85 49 73 30 36 85 23 18 39 81
11 79 37 75 68 97 64 83 56 37 5 93
11 100 70 90 67 83 4 59 4 57 3 80
11 88 90 57 81 44 90 27 65 2 83 43
11 30 45 30 22 15 77 1 69 62 79 66
11 78 97 81 33 7 31 73 57 17 67 11
11 32 23 12 37 86 82 38 87 43 41 50
11 43 48 60 1 75 6 1 49 59 77 67
11 8 90 29 57 19 30 78 67 100 60 1
11 18 21 61 40 14 60 6 91 22 52 54
11 78 34 29 96 47 76 33 12 92 34 75
11 32 94 33 92 48 49 68 29 34 92 19
11 36 68 61 85 76 63 6 81 100 26 95
11 90 29 44 92 19 27 67 56 51 17 46
11 68 48 97 46 41 4 79 53 80 97 7
11 15 84 9 98 94 76 50 2 66 84 59
11 91 3 81 85 33 76 44 50 40 100 18
11 40 42 30 27 30 82 77 27 8 44 42
11 70 64 22 64 52 94 15 23 12 84 83
11 13 30 63 26 86 17 27 6 62 90 53
11 83 29 3 51 34 62 96 16 42 25 75
11 48 35 32 60 68 38 61 60 78 19 43
0
