12 50 87 86 46 8 5 57 66 20 19 45 15
12 45 91 40 14 84 50 1 1 86 91 96 84
12 3 53 22 72 23 68 37 81 1 53 30 7
12 66 33 64 48 92 4 96 29 45 99 70 66
12 19 48 88 96 29 33 12 60 56 17 20 26
12 43 66 69 55 3 68 7 99 91 24 28 31
12 52 88 2 40 23 60 24 90 39 93 45 56
12 93 38 66 92 35 17 50 62 46 48 1 18
12 54 92 66 4 74 63 63 88 34 2 54 83
12 18 3 48 30 63 17 70 29 61 56 37 100
12 3 9 77 33 37 8 62 39 80 46 58 68
12 52 46 63 100 48 74 40 75 92 90 27 100
12 11 69 55 93 13 65 8 4 71 34 51 11
12 23 31 76 84 75 5 60 71 57 76 89 94
12 77 29 40 52 34 13 53 81 43 37 6 6
12 6 63 62 16 97 88 46 24 25 73 83 22
12 33 70 91 91 7 79 36 54 64 14 83 93
12 63 18 46 86 23 28 77 9 92 47 16 21
12 16 70 50 47 86 29 43 66 24 8 74 58
12 29 22 18 52 11 77 96 55 31 44 54 38
12 72 82 99 45 38 21 26 73 3 96 25 45
12 20 13 91 3 98 36 48 36 89 80 85 56
12 1 83 75 2 83 99 20 97 76 28 45 55
12 33 33 7 94 32 91 89 49 35 40 80 17
12 90 73 66 7 95 99 58 91 38 32 36 13
12 51 18 5 7 92 41 73 34 52 43 17 95
12 34 50 5 53 60 29 34 56 55 27 66 33
12 72 41 56 99 13 11 92 49 50 71 17 60
12 32 65 53 60 20 35 90 44 85 73 94 86
12 31 30 61 76 55 62 99 26 40 43 73 94
12 36 40 66 26 89 80 87 56 88 13 96 87
12 44 53 47 90 85 85 50 15 91 37 100 98
12 69 80 2 16 70 50 95 7 86 35 18 99
12 55 90 29 80 93 80 35 63 33 60 19 11
12 93 97 95 66 16 51 89 17 48 58 73 68
12 18 8 99 86 91 25 69 73 17 70 61 47
12 97 11 73 10 90 54 72 9 43 26 24 68
12 63 12 74 100 74 38 78 37 97 98 9 91
12 15 38 86 56 19 42 84 48 17 5 94 69
12 92 89 100 11 34 19 86 24 32 48 76 85
12 86 67 76 73 43 12 93 30 30 84 5 83
12 63 91 26 57 85 71 30 31 90 43 88 41
12 62 100 56 59 34 79 46 79 100 98 72 93
12 35 21 74 40 52 74 31 59 68 40 18 18
12 98 56 26 62 53 18 76 43 27 46 10 45
12 22 89 58 19 40 34 33 61 38 3 74 80
12 37 13 14 96 44 63 57 9 54 36 37 63
12 21 71 40 9 85 81 32 26 39 70 54 79
12 22 96 87 56 15 89 87 97 21 87 52 37
12 39 63 99 87 71 88 67 34 17 74 91 79
12 64 43 47 61 10 5 31 21 14 67 82 15
12 47 82 97 57 56 40 33 11 26 32 88 13
12 79 99 20 82 53 3 78 34 41 82 82 2
12 22 52 68 35 56 19 27 21 25 100 34 67
12 34 14 87 82 37 85 44 94 28 77 29 16
12 6 78 13 57 66 18 77 67 36 93 55 3
12 36 21 1 100 22 29 72 84 23 16 40 29
12 95 76 18 62 88 3 5 75 88 55 48 51
12 4 26 17 78 87 6 54 40 50 20 80 21
12 5 58 84 82 80 63 63 21 52 75 52 29
12 25 5 45 32 58 81 22 23 87 58 32 84
12 16 81 66 27 54 56 52 59 47 67 54 19
12 15 29 93 69 74 95 27 63 37 57 3 51
12 89 10 73 6 59 11 16 92 98 75 35 30
12 44 54 74 96 27 52 70 26 65 10 84 70
12 58 64 98 53 86 42 65 20 12 61 55 65
12 1 44 1 95 46 8 49 18 100 46 41 61
12 66 9 96 27 38 29 86 92 74 54 52 41
12 51 69 34 2 51 49 69 45 83 2 1 49
12 4 80 79 20 90 70 85 29 24 42 55 22
12 31 42 6 31 42 13 56 89 43 76 79 98
12 80 71 66 32 74 64 90 97 79 11 75 3
12 79 5 35 77 64 39 8 95 58 49 29 30
12 49 89 27 64 28 34 90 95 60 87 52 32
12 95 26 55 96 59 29 87 71 29 20 66 45
12 86 20 95 90 16 80 58 62 84 10 93 62
12 45 24 89 6 66 26 5 84 84 41 13 98
12 65 82 99 28 37 25 46 1 27 96 95 16
12 66 64 21 2 3 72 34 7 66 85 20 7
12 75 78 18 16 46 40 3 18 37 58 97 98
12 47 24 35 20 75 69 30 7 6 47 82 7
12 12 10 41 16 34 70 57 61 58 68 95 84
12 14 27 25 5 58 28 79 26 80 75 70 46
12 5 21 30 29 78 36 50 9 78 46 75 7
12 27 70 82 93 73 19 95 77 62 47 71 78
12 21 34 62 14 74 5 70 53 38 53 24 33
12 12 20 92 100 3 54 52 26 84 61 2 11
12 20 73 84 81 40 64 37 91 17 58 90 68
12 34 19 51 99 93 70 15 40 82 50 4 67
12 39 15 96 4 41 64 50 47 48 37 88 62
12 2 89 40 2 78 1 23 11 61 35 30 5
12 95 2 73 4 42 22 27 50 63 90 95 41
12 98 71 72 72 13 6 12 83 10 94 72 51
12 90 15 24 99 69 41 42 30 11 34 48 78
12 62 33 35 95 35 9 72 17 59 80 38 86
12 90 26 91 60 19 91 27 31 98 12 3 76
12 4 40 75 95 34 66 25 27 68 87 91 32
12 10 61 96 80 12 65 16 59 7 87 71 97
12 52 93 3 10 53 80 78 15 84 72 93 32
12 15 29 36 34 14 62 100 10 56 86 19 15
0
