12 65 2 32 49 57 94 34 63 55 28 63 40
12 81 59 13 54 47 65 57 60 23 85 61 55
12 15 45 79 48 70 7 49 88 78 98 28 40
12 36 80 53 88 83 63 47 92 54 93 70 19
12 71 8 94 4 61 89 95 14 51 65 53 91
12 76 30 53 65 59 17 39 2 71 31 56 10
12 15 98 91 15 89 74 75 85 42 17 16 80
12 22 20 95 3 1 52 90 35 89 78 89 61
12 96 95 58 53 23 28 42 44 77 90 60 57
12 33 73 18 32 15 15 80 15 81 84 49 31
12 91 93 52 3 26 38 71 76 54 90 47 53
12 71 31 21 86 52 50 93 33 35 76 1 40
12 57 98 49 6 79 91 25 48 56 53 33 8
12 58 4 68 82 63 31 64 20 16 75 71 56
12 68 6 71 40 51 21 72 69 34 95 99 5
12 68 86 91 92 84 7 80 38 66 70 87 24
12 20 100 96 96 85 86 33 74 97 47 45 81
12 92 62 29 40 25 69 78 71 67 82 10 66
12 31 36 65 92 89 86 18 12 81 80 52 49
12 43 27 3 13 86 76 42 21 10 53 18 31
12 6 92 99 29 40 61 11 70 36 71 29 55
12 36 82 91 24 63 52 67 36 57 85 60 91
12 81 66 65 8 54 23 88 60 76 65 49 34
12 45 60 42 64 93 12 67 43 78 43 39 7
12 36 75 13 29 16 86 65 54 77 40 79 85
12 80 88 83 46 77 84 68 92 91 10 35 4
12 1 56 3 3 100 37 9 29 93 81 70 24
12 95 80 30 69 98 78 54 62 87 4 67 21
12 52 27 16 73 28 5 53 43 72 66 53 40
12 97 80 91 86 31 35 71 96 59 40 91 36
12 24 57 77 16 92 59 67 37 77 88 90 53
12 32 88 21 56 30 75 10 37 22 71 87 18
12 28 49 19 98 72 7 40 99 83 85 68 18
12 94 4 84 87 72 55 25 97 78 3 15 42
12 11 38 41 52 35 60 10 14 33 37 10 54
12 96 35 36 19 91 40 88 86 70 13 26 49
12 93 55 70 45 71 73 87 83 96 99 46 11
12 87 34 20 80 39 66 84 39 90 77 60 50
12 60 12 32 1 7 53 97 53 24 52 19 17
12 42 91 65 94 51 59 14 90 66 36 21 6
12 36 33 98 66 52 32 100 46 11 29 56 66
12 74 59 76 86 57 39 2 52 68 98 72 20
12 9 17 76 22 45 60 68 31 26 8 99 94
12 23 86 28 90 94 34 77 22 26 93 45 36
12 52 51 90 87 8 40 77 83 98 62 76 3
12 64 8 82 27 36 90 24 8 50 94 64 62
12 62 75 58 49 96 37 50 3 1 9 32 49
12 3 58 76 21 66 85 26 77 66 53 11 59
12 37 80 87 60 45 67 79 14 15 77 95 38
12 75 28 72 96 16 44 70 91 41 72 73 25
12 41 34 43 11 44 35 67 73 11 29 54 82
12 62 79 82 27 34 11 100 34 24 90 22 33
12 69 56 55 57 49 14 23 23 8 2 46 14
12 13 31 38 23 20 90 88 21 2 20 5 59
12 45 26 50 9 75 83 58 28 13 82 4 71
12 95 56 67 55 97 56 59 69 6 54 43 51
12 78 46 50 86 67 56 51 84 69 9 3 14
12 67 15 54 4 46 73 26 12 12 70 65 61
12 17 93 23 89 98 75 67 27 24 97 66 64
12 65 57 70 100 98 12 42 86 20 22 63 21
12 9 21 66 25 32 11 41 85 85 84 33 74
12 46 25 70 78 46 76 46 8 75 64 76 25
12 13 64 64 53 95 56 33 23 90 91 11 93
12 42 57 59 60 23 54 25 80 9 8 76 88
12 63 10 62 42 70 41 94 83 76 80 55 42
12 84 84 35 82 38 7 50 69 62 31 74 8
12 9 53 63 6 32 71 8 86 97 28 88 29
12 70 100 12 72 69 85 14 34 90 20 91 34
12 47 84 62 61 85 80 7 19 13 8 36 41
12 26 12 43 86 55 5 18 62 2 65 41 57
12 46 5 1 25 10 34 23 8 54 90 23 16
12 79 97 94 88 17 44 99 68 36 1 45 50
12 65 41 43 29 98 16 55 63 89 51 61 14
12 11 16 24 79 100 74 37 19 19 82 11 79
12 59 79 72 36 22 40 90 65 3 53 8 29
12 63 16 20 77 72 93 33 30 45 16 57 39
12 7 31 36 98 78 44 78 81 45 65 51 41
12 31 31 18 71 85 84 7 71 40 23 9 15
12 45 35 65 8 62 79 40 20 9 57 61 72
12 39 65 30 88 73 81 1 18 11 3 12 44
12 55 71 98 95 30 23 57 53 2 9 61 70
12 19 25 51 6 68 57 51 74 71 89 72 6
12 45 23 25 48 99 68 21 72 65 89 37 85
12 29 14 6 35 37 25 18 1 91 90 95 29
12 38 6 15 12 69 26 8 86 84 100 72 79
12 71 2 41 52 75 6 90 88 92 50 26 89
12 81 60 55 20 36 98 48 10 37 25 24 89
12 26 71 81 100 25 51 52 99 66 61 60 58
12 41 19 47 16 88 92 94 60 57 16 32 17
12 30 29 13 40 15 49 74 50 9 8 69 44
12 82 65 11 71 60 52 53 60 15 24 7 95
12 32 64 86 66 11 4 22 17 74 54 48 42
12 90 58 13 47 3 64 10 42 34 53 48 59
12 71 17 26 37 29 87 3 99 84 22 30 77
12 10 81 48 12 23 51 11 2 92 53 61 87
12 32 5 57 34 20 59 88 69 76 35 45 49
12 11 18 61 96 50 18 33 32 46 42 90 25
12 74 6 79 40 100 93 31 87 31 77 62 97
12 30 96 70 87 74 73 26 8 17 1 95 19
12 35 84 48 15 3 15 4 5 83 45 80 22
0
