12 29 35 30 63 60 41 12 98 35 15 74 13
12 94 92 83 11 96 15 28 36 62 24 79 67
12 72 73 63 67 57 30 49 29 25 78 83 98
12 4 9 77 69 7 80 4 21 11 85 82 56
12 26 92 65 67 84 45 74 18 43 87 10 52
12 96 66 95 86 71 59 32 97 75 6 39 66
12 62 100 85 9 94 2 49 85 96 69 77 83
12 100 21 64 14 75 42 69 60 69 58 46 60
12 51 1 47 16 44 9 47 13 12 19 95 81
12 74 76 38 9 83 93 44 21 40 90 18 18
12 8 21 96 59 64 60 66 19 4 28 19 26
12 27 97 96 18 41 79 73 86 85 59 5 96
12 81 88 66 65 36 30 64 6 98 77 8 68
12 96 9 15 71 52 17 73 52 14 69 72 10
12 9 75 4 8 35 47 36 62 55 51 64 82
12 21 19 70 38 5 4 68 15 22 40 68 44
12 30 59 48 5 18 37 45 87 60 84 86 31
12 93 68 29 59 2 1 61 13 2 78 88 18
12 33 17 5 70 77 11 23 99 6 38 4 75
12 57 96 12 7 78 56 22 62 2 57 45 68
12 8 67 61 81 72 51 61 34 30 5 69 95
12 62 85 33 54 28 95 97 32 35 44 25 25
12 27 3 88 10 71 100 44 96 83 8 96 72
12 99 50 91 31 8 67 90 87 40 25 21 23
12 28 5 88 16 48 39 55 25 95 99 93 95
12 32 55 58 74 5 37 15 79 86 3 79 28
12 100 56 16 13 16 25 42 61 98 57 52 16
12 58 19 16 96 38 15 91 84 20 8 30 60
12 56 81 17 17 81 22 12 48 96 54 41 66
12 93 15 83 40 70 90 81 68 40 90 62 12
12 8 24 61 82 40 37 5 37 34 76 43 12
12 94 58 21 65 21 36 39 94 20 72 33 32
12 72 33 47 84 76 89 34 59 34 8 8 4
12 99 63 35 30 81 75 79 89 2 89 9 43
12 83 59 17 96 84 57 92 97 28 41 87 71
12 42 16 43 84 42 39 14 68 1 95 72 49
12 47 17 83 7 3 29 25 92 66 90 83 61
12 18 44 92 12 11 98 72 18 3 27 79 34
12 37 100 46 3 88 47 100 64 86 19 98 84
12 13 88 17 93 51 94 34 9 18 94 52 31
12 7 65 78 84 58 10 32 48 52 87 4 16
12 85 56 82 62 61 76 89 9 27 48 37 15
12 12 90 89 27 35 3 25 44 49 85 98 34
12 84 69 55 23 25 61 93 21 31 1 59 62
12 84 92 82 13 38 82 12 5 66 54 80 64
12 93 7 47 26 61 95 11 96 69 35 44 16
12 45 13 71 31 23 12 51 94 2 16 31 66
12 93 50 83 67 34 15 55 60 21 57 18 13
12 19 30 93 57 36 98 91 92 13 27 40 57
12 100 56 30 2 25 91 12 25 45 20 94 77
12 46 88 3 90 43 51 90 86 80 54 24 78
12 57 48 67 17 23 36 40 84 80 77 83 36
12 4 90 59 33 93 96 61 39 28 90 43 95
12 58 83 38 83 14 64 37 59 18 47 25 61
12 33 91 89 84 35 54 87 66 83 40 90 39
12 2 94 80 46 66 60 67 79 87 3 87 62
12 58 35 31 60 16 73 97 23 21 45 53 69
12 86 36 2 70 74 89 44 87 16 78 26 16
12 22 54 28 29 57 93 69 30 41 84 10 24
12 5 11 71 23 97 37 92 22 24 96 92 10
12 53 18 46 80 22 64 44 27 98 37 53 62
12 13 62 32 98 57 6 39 11 37 49 58 82
12 15 100 64 88 90 80 37 65 99 90 46 47
12 28 15 14 2 28 12 18 5 94 91 91 44
12 12 21 25 47 31 63 16 50 9 16 43 22
12 60 1 24 19 94 50 14 48 35 5 60 77
12 6 52 39 32 53 90 31 40 88 2 72 98
12 8 37 11 81 53 92 84 41 65 95 10 57
12 9 97 46 22 31 84 5 52 86 28 81 37
12 53 52 84 40 15 84 52 84 91 47 51 94
12 41 41 43 17 65 18 87 93 60 67 68 30
12 19 53 54 72 43 44 83 80 23 73 78 98
12 11 56 6 31 73 73 42 1 36 74 97 41
12 81 54 3 25 48 57 30 48 63 45 67 43
12 72 9 93 62 14 16 93 36 82 61 61 29
12 54 71 70 14 81 52 13 38 9 11 81 27
12 19 18 63 35 41 18 68 87 27 6 28 55
12 87 83 56 84 42 72 73 98 45 16 9 53
12 58 1 43 64 96 32 70 1 6 71 52 68
12 86 41 45 79 83 68 39 39 29 45 40 85
12 93 79 39 68 90 22 5 98 26 84 88 34
12 55 51 22 26 45 43 3 43 12 61 45 55
12 28 98 6 25 73 85 33 7 74 77 26 97
12 98 23 38 54 73 34 46 53 93 90 89 15
12 72 51 94 95 55 4 81 27 10 36 29 38
12 39 69 79 87 61 75 94 57 12 84 50 80
12 55 98 43 13 15 75 83 66 35 77 56 97
12 10 41 13 63 92 15 13 1 10 55 42 71
12 53 27 55 30 14 69 7 44 19 97 31 89
12 52 96 35 33 99 88 46 57 90 72 81 60
12 4 90 85 3 14 44 29 33 56 1 98 42
12 29 86 86 66 51 30 76 30 13 54 54 70
12 14 41 43 46 7 52 52 92 73 86 53 88
12 64 16 45 52 85 20 90 21 31 3 75 90
12 42 9 20 16 13 85 56 19 17 91 95 97
12 7 31 48 5 83 10 74 72 60 59 98 4
12 76 100 83 100 12 32 18 36 4 95 10 18
12 69 17 97 55 65 71 82 10 9 99 47 38
12 30 55 79 78 53 33 99 25 33 86 81 31
12 27 81 66 65 1 83 31 89 73 26 93 66
0
