12 28 83 33 84 83 45 41 23 98 63 72 54
12 24 22 54 83 99 93 85 50 13 26 25 7
12 49 18 38 97 36 56 31 25 79 30 55 24
12 65 65 28 24 71 65 53 14 12 30 89 14
12 44 21 86 100 97 58 45 88 80 7 91 29
12 14 34 4 14 99 65 20 93 48 79 26 74
12 85 90 79 88 22 48 5 31 11 91 25 14
12 64 91 78 43 42 2 54 14 52 26 72 99
12 58 67 20 60 40 59 1 55 44 9 29 25
12 25 98 70 89 80 11 72 39 97 95 70 28
12 100 28 71 91 90 15 71 63 78 81 12 41
12 76 61 3 69 53 27 95 92 82 58 63 23
12 99 83 33 45 25 100 63 92 80 88 35 50
12 63 60 80 82 73 62 3 32 32 65 16 87
12 90 86 29 14 24 42 17 44 16 30 71 97
12 7 20 38 17 59 19 65 40 19 66 100 72
12 61 58 6 88 57 19 34 25 52 97 16 87
12 92 52 93 5 47 45 51 26 4 36 67 85
12 1 60 82 24 99 58 31 9 57 38 95 38
12 31 98 71 71 11 33 3 58 93 73 56 23
12 37 86 20 26 3 16 70 71 34 27 96 56
12 99 38 57 85 84 5 88 53 13 16 60 77
12 55 69 94 84 12 73 97 43 56 93 30 18
12 77 40 90 38 83 9 85 69 14 23 41 45
12 84 51 60 46 12 39 1 100 13 58 26 21
12 37 12 87 19 25 68 77 73 38 56 25 37
12 82 61 37 75 33 57 85 24 71 65 52 33
12 43 21 86 15 79 75 42 76 99 70 93 13
12 12 17 5 28 81 92 97 33 52 72 38 69
12 39 28 11 54 39 71 54 62 59 76 62 69
12 34 88 38 38 62 75 24 20 29 88 99 23
12 82 7 19 95 62 25 26 15 49 59 8 63
12 87 52 80 4 11 73 78 16 47 90 79 47
12 47 27 71 32 93 64 78 38 70 43 94 84
12 78 33 24 63 54 20 19 75 19 40 70 36
12 96 92 42 96 60 28 19 54 30 42 56 93
12 14 65 79 68 49 6 56 66 78 78 13 11
12 71 54 94 66 75 19 30 57 21 65 82 15
12 51 23 8 48 42 47 53 56 93 44 5 46
12 22 18 27 51 96 67 63 52 63 12 99 17
12 26 42 70 8 71 96 22 10 42 94 90 21
12 100 12 20 55 75 100 92 67 98 81 20 94
12 69 37 64 1 51 72 23 86 26 69 93 77
12 26 32 29 2 71 25 83 76 67 67 66 48
12 66 86 8 72 28 68 30 83 74 79 67 23
12 83 72 58 59 2 23 60 47 81 87 64 58
12 24 89 25 14 60 61 22 70 91 73 61 93
12 72 91 91 83 18 70 69 82 78 93 15 67
12 98 56 5 3 36 72 47 22 67 57 23 75
12 34 6 35 49 79 18 44 77 68 58 29 52
12 20 20 13 90 52 83 72 62 34 89 6 5
12 68 46 38 50 42 62 82 18 6 66 84 1
12 32 91 36 21 61 41 57 48 78 16 23 82
12 70 42 39 29 2 13 79 32 37 54 28 2
12 23 67 88 84 19 69 70 19 64 3 38 37
12 26 84 79 26 10 47 23 90 48 54 85 58
12 22 8 14 93 62 93 94 94 25 60 75 56
12 34 83 5 41 33 75 25 48 81 43 99 82
12 54 12 66 88 13 27 62 79 46 35 93 8
12 87 61 20 15 71 82 79 75 66 56 44 33
12 65 41 73 31 42 37 52 12 41 24 15 46
12 10 13 33 79 66 77 87 8 73 43 66 83
12 19 60 86 1 52 52 21 82 63 77 2 10
12 70 40 35 32 51 30 82 92 90 59 23 42
12 14 27 97 42 64 75 72 92 4 75 82 26
12 99 90 58 100 2 38 48 12 56 58 80 30
12 67 42 59 92 33 35 8 72 43 100 25 30
12 95 85 57 37 18 2 18 33 88 48 44 63
12 88 76 60 70 61 61 31 39 79 29 67 92
12 25 75 20 85 63 12 77 39 19 89 94 10
12 20 17 99 63 95 68 30 83 4 20 53 52
12 85 7 28 18 74 58 93 60 27 65 59 1
12 27 76 8 78 71 26 27 68 96 37 75 71
12 95 8 50 29 61 45 100 61 31 61 70 83
12 32 21 1 14 2 27 4 25 31 8 87 27
12 56 30 32 25 21 17 20 34 24 6 46 36
12 85 75 39 86 23 7 14 70 9 39 16 32
12 76 22 40 92 44 10 69 37 77 84 56 51
12 35 90 45 16 63 63 83 99 71 7 4 6
12 2 53 80 59 17 4 97 94 25 78 87 73
12 68 8 78 69 75 91 53 81 26 59 15 21
12 56 47 69 12 59 12 74 51 20 87 52 34
12 64 15 76 42 22 39 29 58 64 22 98 78
12 18 8 45 66 22 85 97 48 62 86 36 46
12 81 75 98 79 76 73 33 96 58 88 90 18
12 18 13 66 23 21 31 22 26 9 72 41 25
12 43 66 95 14 62 56 67 66 97 63 91 86
12 99 95 48 67 91 7 25 62 50 8 1 66
12 81 31 57 63 76 53 16 43 97 29 93 42
12 31 52 63 90 23 1 5 49 60 84 53 45
12 43 61 59 27 62 76 55 76 74 31 7 21
12 44 40 60 45 60 7 72 29 54 100 100 36
12 54 64 64 100 44 66 24 5 2 62 56 85
12 53 72 72 38 78 94 88 93 84 65 35 20
12 36 67 23 99 78 7 38 58 64 64 81 27
12 6 71 81 87 8 97 10 88 59 42 87 43
12 66 16 81 95 41 100 30 3 45 86 98 51
12 8 100 17 78 13 42 87 5 63 69 27 52
12 61 34 15 75 89 64 50 47 35 58 13 39
12 3 40 76 69 60 34 70 30 19 53 4 51
0
