12 63 65 42 71 38 66 15 46 65 81 2 71
12 55 72 11 46 72 92 85 92 77 75 55 92
12 55 82 49 12 28 100 20 21 75 69 14 4
12 92 39 37 15 69 63 64 72 12 24 51 40
12 16 81 71 67 20 32 37 40 59 35 29 20
12 87 46 89 25 13 35 72 65 5 72 49 10
12 51 8 55 53 25 33 78 54 69 1 61 31
12 31 58 27 59 16 100 86 71 6 47 90 25
12 41 71 71 46 80 9 54 26 12 83 77 31
12 65 95 27 58 57 4 82 81 43 31 21 94
12 15 38 6 81 44 55 97 87 79 48 83 55
12 21 6 81 74 88 20 73 5 68 62 64 2
12 2 83 63 33 15 9 83 78 6 96 19 61
12 91 74 72 6 23 2 25 91 21 63 70 99
12 88 60 24 40 84 82 3 37 27 2 18 39
12 84 53 16 30 50 54 100 80 75 84 88 50
12 22 65 40 87 67 59 41 94 2 90 57 76
12 22 11 73 51 88 55 90 58 81 87 30 50
12 8 1 42 2 81 65 73 75 38 86 12 90
12 17 84 90 20 28 30 88 41 61 16 37 48
12 84 29 92 62 27 39 75 94 38 72 32 42
12 25 52 98 1 92 61 49 77 40 4 8 51
12 64 81 97 22 35 91 41 88 89 89 73 97
12 17 21 83 94 70 20 66 17 86 3 29 93
12 12 69 88 84 30 93 72 41 83 22 25 19
12 32 46 31 28 66 33 42 73 76 73 96 83
12 62 64 100 39 9 100 96 33 95 6 64 86
12 31 33 18 21 74 98 91 90 93 39 64 59
12 3 61 86 3 47 63 60 35 36 84 39 19
12 69 65 76 75 43 28 25 44 26 25 34 43
12 39 20 11 1 53 68 52 45 76 47 14 42
12 63 50 40 72 54 81 81 10 79 88 16 42
12 2 52 88 94 4 93 71 76 36 33 82 29
12 33 90 74 38 1 62 53 3 88 44 40 65
12 22 66 45 56 86 6 38 70 26 98 92 99
12 44 33 55 46 20 92 26 21 25 37 36 54
12 90 67 62 38 57 31 92 46 34 4 24 40
12 7 71 8 31 41 1 5 8 99 97 40 23
12 70 85 6 62 88 69 44 89 7 72 84 42
12 74 45 95 43 32 62 4 71 77 7 79 2
12 93 61 75 13 20 89 15 2 76 45 23 80
12 34 94 79 75 76 65 92 8 8 72 87 9
12 23 96 12 96 29 42 91 77 88 67 71 17
12 32 89 15 79 1 35 27 66 69 84 88 73
12 49 93 8 84 51 25 62 58 54 39 100 73
12 6 100 12 62 16 98 32 69 34 28 26 34
12 16 31 32 9 10 83 13 94 66 44 63 49
12 26 60 8 76 51 86 80 35 57 12 17 16
12 75 10 58 21 19 16 94 43 51 82 81 53
12 95 39 44 58 15 95 38 20 62 21 55 78
12 49 82 89 69 33 36 71 79 68 96 46 84
12 51 51 84 50 17 63 67 41 92 55 22 5
12 8 81 91 9 98 72 89 24 100 50 14 17
12 43 86 2 87 62 79 75 55 17 31 40 80
12 54 3 100 94 44 69 95 19 38 30 72 55
12 75 5 19 98 27 22 76 64 83 84 58 36
12 3 32 37 22 49 62 85 56 37 5 95 96
12 44 15 91 36 63 59 20 91 100 80 25 96
12 88 63 38 81 60 24 26 83 18 74 28 52
12 8 45 49 90 72 10 36 26 63 10 77 77
12 64 51 40 89 94 52 3 71 54 4 27 14
12 90 31 80 22 94 53 57 66 34 40 2 98
12 42 17 24 33 26 54 2 65 29 75 67 76
12 76 83 17 33 85 6 82 32 3 26 86 79
12 69 6 31 40 66 87 36 48 87 30 46 85
12 40 19 78 60 23 50 25 17 7 75 42 68
12 17 40 84 6 100 47 76 17 34 37 70 73
12 88 50 13 100 99 6 38 13 14 65 61 26
12 16 1 54 3 86 42 91 55 70 47 99 54
12 91 35 8 56 53 88 34 22 26 41 80 51
12 42 52 52 46 88 20 18 75 13 51 83 44
12 70 18 16 46 40 62 98 81 24 5 24 12
12 98 42 72 67 69 96 72 75 80 57 73 20
12 45 100 63 47 87 16 83 17 11 40 24 9
12 75 21 66 14 86 91 90 98 41 28 51 11
12 67 34 30 50 1 12 48 38 41 37 30 47
12 4 25 50 13 40 16 1 21 79 85 65 42
12 22 92 48 36 74 44 52 59 80 41 54 47
12 25 9 65 53 69 62 84 29 18 1 44 22
12 17 78 49 32 16 33 13 49 83 55 86 48
12 73 77 29 74 7 47 71 98 24 77 33 53
12 73 77 100 3 43 12 26 97 75 62 93 72
12 70 41 93 2 38 90 94 41 50 20 20 25
12 81 53 91 80 71 55 7 17 20 88 92 64
12 9 35 67 50 86 28 37 80 62 18 54 94
12 42 39 62 27 97 60 88 48 70 68 68 23
12 48 8 43 30 10 85 94 100 82 50 12 88
12 45 96 48 36 38 75 3 65 8 55 67 98
12 66 50 66 7 56 50 59 81 92 3 25 47
12 40 22 7 35 72 71 51 48 13 89 91 52
12 43 65 40 50 56 59 21 67 33 53 17 9
12 90 40 43 44 35 8 14 97 22 100 55 34
12 14 80 10 21 61 89 31 76 29 43 29 2
12 9 93 40 72 74 77 1 47 86 2 26 46
12 54 88 97 20 27 7 77 11 67 53 36 72
12 9 26 45 1 41 6 19 85 15 42 27 51
12 93 75 42 60 60 88 54 70 87 18 38 84
12 16 39 7 80 13 5 2 49 99 13 64 22
12 93 41 88 50 51 90 91 82 26 86 84 29
12 85 65 24 97 79 11 26 100 80 48 23 68
0
