12 3 16 70 39 72 99 38 34 74 12 11 22
12 36 45 4 75 58 99 52 22 29 31 48 49
12 3 90 40 77 4 22 42 83 56 55 15 23
12 19 6 17 47 85 16 65 25 52 30 14 2
12 99 93 5 86 63 17 13 96 77 40 8 38
12 19 24 35 69 66 37 50 57 62 11 39 48
12 8 4 40 22 68 91 41 13 78 68 84 6
12 43 46 1 28 82 56 22 60 14 84 80 79
12 96 83 20 61 5 98 80 86 73 81 39 86
12 98 2 20 49 4 41 72 6 87 92 34 55
12 79 58 99 75 73 77 95 47 94 52 6 46
12 93 38 86 55 26 82 94 41 38 17 100 47
12 83 79 73 26 88 53 57 84 6 19 62 11
12 86 78 97 7 88 100 83 36 9 69 23 45
12 73 7 62 74 51 34 13 14 52 67 75 29
12 48 10 42 43 97 42 55 79 52 92 2 66
12 62 84 32 85 50 90 96 87 8 5 22 90
12 74 82 15 70 92 32 19 39 59 47 48 13
12 10 7 78 43 65 55 97 44 96 51 80 27
12 24 48 89 32 77 95 54 9 26 22 37 11
12 77 26 3 14 68 88 40 96 39 39 64 21
12 21 20 56 37 98 34 30 31 46 5 34 7
12 74 46 14 70 40 40 21 77 61 70 53 92
12 60 13 50 82 91 45 12 35 9 53 69 61
12 52 72 25 92 40 35 86 5 13 53 99 90
12 83 93 61 88 22 31 73 73 42 30 42 14
12 33 22 27 82 5 82 73 85 94 86 78 19
12 51 4 31 75 45 100 44 56 24 21 17 1
12 66 74 94 31 67 87 24 92 7 17 7 57
12 68 89 43 71 76 82 67 72 51 34 63 22
12 93 92 29 82 70 67 3 71 99 2 28 60
12 3 23 15 40 20 91 46 9 23 61 89 9
12 38 19 95 14 51 98 34 100 99 60 59 53
12 6 81 33 33 67 19 23 28 93 32 57 2
12 59 15 19 70 61 82 9 14 72 34 87 58
12 88 48 6 55 6 85 37 84 100 42 1 13
12 49 26 91 17 1 100 28 38 62 45 95 47
12 23 35 44 18 54 93 77 44 33 72 65 70
12 74 2 43 9 67 9 8 71 76 39 17 65
12 20 45 68 77 68 42 29 21 84 14 54 25
12 60 16 19 67 91 86 57 29 86 71 33 37
12 55 68 93 41 14 92 84 8 45 13 75 98
12 97 17 81 16 93 49 23 56 6 38 100 56
12 17 13 28 81 36 81 96 92 73 1 87 72
12 46 71 21 20 9 93 35 81 81 22 67 19
12 57 33 6 49 57 31 21 26 76 87 78 60
12 83 55 87 73 49 17 81 81 84 68 66 87
12 4 65 85 26 28 18 28 19 73 63 100 26
12 23 52 69 95 79 30 89 40 59 54 14 84
12 78 44 76 27 99 78 73 1 93 45 25 93
12 10 85 2 12 60 93 45 38 33 32 24 77
12 31 96 43 8 4 33 58 47 8 90 80 6
12 45 61 65 31 69 17 31 82 55 2 84 53
12 39 48 17 37 20 23 54 80 47 47 25 75
12 78 41 37 28 16 11 56 90 61 86 23 49
12 3 89 30 94 35 93 3 35 13 19 79 79
12 54 62 84 37 56 12 83 44 9 61 61 60
12 2 47 2 59 91 72 46 67 84 41 59 55
12 38 74 9 25 39 76 49 48 88 57 61 96
12 62 92 28 68 77 17 74 50 89 70 76 69
12 7 71 82 84 55 84 86 87 4 58 41 13
12 69 30 65 73 35 74 45 29 28 5 46 36
12 30 10 34 63 2 43 83 69 53 76 75 69
12 85 44 23 13 49 85 67 5 50 29 4 45
12 13 16 93 11 34 80 63 65 28 11 55 31
12 32 4 31 38 57 67 2 41 93 59 42 65
12 17 46 72 21 26 80 17 91 92 44 67 67
12 25 64 76 85 83 56 57 65 84 43 95 92
12 91 14 2 46 52 6 94 48 64 25 95 54
12 90 5 66 57 30 28 93 88 33 71 57 10
12 8 22 86 94 17 6 77 51 19 91 15 49
12 49 34 80 72 98 54 76 32 62 54 65 78
12 73 11 27 8 69 8 41 35 29 72 56 2
12 20 71 99 63 37 86 53 81 25 81 12 71
12 47 79 3 7 5 64 23 11 56 46 39 64
12 73 83 78 25 3 83 90 21 61 11 50 72
12 97 18 33 36 63 44 30 23 48 13 9 94
12 100 83 68 22 90 32 55 63 15 3 34 34
12 42 30 52 70 47 2 21 7 71 15 42 35
12 76 99 25 14 51 98 33 34 54 67 83 21
12 81 34 50 59 32 53 10 55 99 58 67 97
12 38 64 90 30 59 82 60 77 72 90 7 3
12 53 73 67 98 20 68 53 46 68 23 17 77
12 15 94 85 69 56 66 34 72 87 45 43 15
12 34 82 32 68 62 96 14 63 39 39 80 83
12 13 30 71 63 30 3 67 68 1 4 1 95
12 26 30 73 61 70 41 45 65 74 76 69 81
12 90 79 42 8 59 23 14 85 66 69 70 51
12 5 47 32 65 53 56 80 61 10 19 80 80
12 94 100 52 28 32 51 27 7 9 58 9 72
12 58 49 23 24 46 37 25 55 76 14 28 88
12 28 18 47 87 62 24 100 75 63 78 67 49
12 53 75 38 64 39 8 21 69 1 26 71 87
12 66 49 35 25 51 49 71 69 17 90 6 61
12 59 18 60 55 46 66 44 46 23 29 3 5
12 43 42 92 25 34 37 25 71 33 87 23 34
12 62 99 22 51 10 20 92 36 94 76 32 39
12 71 26 33 65 59 20 1 57 58 33 64 75
12 55 51 68 11 68 93 58 67 36 92 8 6
12 55 12 86 26 53 38 37 29 13 32 63 28
0
