12 42 25 28 29 59 75 77 39 70 35 87 44
12 55 24 48 31 55 37 46 16 89 97 25 81
12 18 17 2 2 13 1 29 13 78 59 13 57
12 30 61 41 62 45 78 55 2 92 33 32 70
12 26 81 79 15 91 61 98 92 20 16 83 50
12 82 53 73 83 20 26 79 84 61 39 98 82
12 15 83 18 64 54 46 87 68 97 45 75 75
12 83 82 92 31 62 76 12 44 5 16 45 51
12 53 3 70 63 93 9 45 13 15 58 35 59
12 35 80 30 21 28 72 74 30 90 70 50 74
12 74 88 6 45 97 66 22 91 83 89 58 42
12 69 35 62 58 91 28 74 51 52 75 83 46
12 15 82 56 82 6 15 91 70 59 40 32 9
12 51 7 20 73 24 1 4 40 95 73 69 29
12 13 48 4 16 44 22 50 5 14 16 66 83
12 55 98 8 17 68 73 54 91 6 95 42 15
12 95 86 59 86 79 70 5 2 83 82 100 37
12 71 91 93 28 13 18 95 71 68 51 49 1
12 55 78 37 60 59 82 26 39 39 65 79 48
12 50 44 51 45 92 95 94 26 6 53 54 86
12 65 58 72 28 14 78 97 57 23 88 60 43
12 26 83 30 60 18 17 61 53 47 65 87 42
12 100 95 35 85 33 19 70 7 8 58 71 62
12 76 39 30 49 95 26 19 97 6 32 83 18
12 79 18 56 66 43 71 85 30 59 92 97 88
12 39 23 93 80 55 90 66 3 42 22 66 13
12 21 52 62 42 71 35 37 50 1 92 48 67
12 18 88 56 64 24 76 90 83 57 43 62 7
12 78 37 9 65 2 7 58 61 16 43 18 34
12 10 2 15 98 34 53 13 51 63 45 90 84
12 9 87 38 44 58 96 3 13 29 75 6 76
12 38 89 57 74 44 34 82 56 87 19 58 12
12 65 14 96 55 90 78 69 42 53 60 27 89
12 35 67 2 67 93 69 11 94 22 66 89 38
12 5 62 6 85 45 71 50 46 50 97 48 87
12 16 79 42 50 56 19 11 66 48 42 68 28
12 12 86 79 52 43 24 40 99 95 34 75 72
12 4 30 7 78 48 33 61 46 21 100 92 48
12 38 97 5 92 99 98 77 32 83 22 14 13
12 44 81 7 20 14 71 80 70 81 56 89 100
12 37 95 3 69 48 85 65 97 75 97 90 11
12 87 43 88 47 51 50 53 19 62 47 62 45
12 74 36 77 63 52 69 83 2 76 54 91 19
12 10 61 39 43 35 84 85 47 22 44 6 58
12 42 37 35 15 28 79 77 82 91 1 82 82
12 60 68 90 53 45 11 60 33 70 14 47 4
12 14 61 38 7 16 31 16 23 18 64 92 41
12 63 61 11 36 5 35 24 44 34 87 58 26
12 88 69 43 27 33 71 97 63 64 92 9 44
12 14 19 39 24 17 26 1 40 95 61 13 97
12 80 17 66 61 29 33 55 75 37 20 86 5
12 14 59 52 60 69 94 78 86 28 15 2 72
12 61 4 36 89 55 31 83 11 100 15 84 29
12 14 77 33 74 24 85 63 22 6 35 94 36
12 6 70 78 24 49 53 95 62 40 25 35 91
12 60 83 53 65 73 90 86 83 32 73 43 62
12 41 95 89 59 40 80 57 41 65 45 48 59
12 49 87 4 89 84 25 38 43 69 52 22 31
12 60 85 53 95 68 7 90 56 28 90 33 95
12 85 8 90 89 67 98 45 26 34 34 87 2
12 99 53 55 17 26 84 60 33 79 13 100 67
12 22 60 82 34 57 75 18 91 49 68 93 66
12 4 25 40 59 29 78 8 74 35 52 28 57
12 68 9 17 91 7 93 99 29 1 32 75 21
12 8 6 76 83 2 40 81 58 56 55 81 31
12 52 99 45 18 35 51 24 6 39 53 62 14
12 4 42 23 37 69 23 56 66 26 65 11 63
12 75 60 59 8 76 60 12 1 31 41 64 9
12 98 37 64 81 50 74 10 57 19 91 95 65
12 15 41 30 92 21 11 27 86 58 15 7 97
12 90 6 85 79 25 36 58 51 90 70 31 93
12 6 77 35 83 46 88 59 3 59 62 93 7
12 62 97 89 81 31 19 37 31 27 43 33 42
12 43 80 31 8 58 39 73 3 74 31 27 98
12 31 58 32 43 56 62 49 43 53 37 61 95
12 16 79 85 68 16 55 83 77 17 57 35 28
12 86 67 26 83 23 34 23 61 4 92 32 91
12 74 96 26 40 51 87 37 25 66 70 74 58
12 47 29 52 70 5 58 33 27 21 99 86 52
12 53 54 51 1 46 7 25 37 10 22 31 11
12 26 13 91 31 71 89 93 91 62 37 6 18
12 70 73 3 66 41 86 10 79 26 9 78 40
12 42 86 35 61 56 98 57 66 7 34 50 16
12 31 17 78 2 15 64 11 96 38 100 91 39
12 61 100 45 56 89 62 82 32 62 29 64 76
12 71 30 64 51 15 87 74 5 81 72 25 95
12 40 57 58 42 1 97 45 12 73 70 56 31
12 88 77 21 96 76 37 94 14 76 8 88 1
12 88 46 96 94 70 47 77 99 59 84 60 1
12 96 30 91 12 1 67 18 71 51 69 40 71
12 7 13 80 11 54 17 4 12 60 39 78 30
12 1 6 96 40 98 6 88 80 95 40 99 19
12 45 20 19 84 35 32 6 83 10 42 91 14
12 62 57 69 76 41 65 50 27 11 69 40 68
12 80 94 78 16 29 95 95 14 89 44 71 20
12 44 100 93 52 91 31 77 52 3 84 83 30
12 77 80 16 54 87 44 34 98 20 25 70 57
12 26 91 40 19 41 31 78 65 41 94 47 76
12 100 40 100 89 54 98 54 64 78 68 79 62
12 30 46 53 66 80 78 69 98 43 24 45 64
0
