12 61 22 21 43 35 39 89 17 19 22 76 100
12 22 23 10 68 90 46 91 93 11 25 99 8
12 47 98 98 44 40 85 65 15 41 20 87 96
12 53 25 15 41 19 92 35 74 96 58 6 5
12 3 70 80 3 67 68 22 68 20 4 9 19
12 56 36 31 10 37 50 81 14 19 53 8 30
12 64 63 59 34 8 93 59 91 59 15 94 97
12 94 22 51 70 41 32 94 94 40 8 56 89
12 9 55 73 1 59 47 34 39 37 62 63 85
12 17 90 49 2 25 45 62 99 15 40 74 63
12 17 63 10 78 23 72 28 18 58 36 29 7
12 22 18 19 68 8 65 60 99 55 11 48 30
12 44 85 91 61 30 79 58 30 96 36 36 71
12 94 45 82 2 10 87 73 61 51 92 60 42
12 72 61 28 44 63 46 47 28 86 2 14 86
12 56 45 32 43 74 44 5 68 12 68 96 2
12 10 67 87 98 71 84 100 51 89 22 17 71
12 13 4 36 82 10 100 85 51 61 83 16 54
12 19 18 79 98 46 55 92 96 14 13 1 80
12 9 45 97 1 35 70 35 57 80 18 61 46
12 12 44 30 48 36 5 46 83 63 54 28 1
12 71 71 83 6 35 51 6 56 42 53 33 58
12 62 95 88 25 76 74 43 47 60 66 72 52
12 21 23 50 70 69 49 11 80 8 96 37 19
12 83 89 14 22 37 62 1 32 58 61 2 36
12 39 28 73 41 69 4 32 92 66 13 83 100
12 67 10 69 8 16 42 97 11 23 10 34 13
12 52 73 45 34 27 71 92 70 98 74 21 1
12 17 56 49 68 28 94 3 39 13 21 56 65
12 36 73 48 79 16 6 9 2 27 42 25 73
12 69 25 18 54 35 39 65 57 39 90 19 35
12 25 76 44 9 53 99 94 46 24 28 98 21
12 16 94 63 33 67 9 72 79 68 76 33 97
12 22 11 38 62 35 89 70 38 17 25 6 17
12 84 96 51 88 91 93 19 15 41 37 49 97
12 24 74 39 78 92 31 72 71 42 77 8 13
12 41 33 91 48 43 63 75 15 70 79 61 54
12 93 14 83 16 57 96 73 7 89 45 78 80
12 49 58 27 36 64 79 86 41 1 7 45 18
12 40 64 5 36 71 40 66 74 7 33 17 76
12 98 34 53 62 98 30 13 11 51 82 31 27
12 88 19 21 18 35 22 96 72 16 85 54 30
12 11 12 73 53 25 56 55 7 70 95 17 51
12 28 33 96 30 31 35 98 76 20 42 33 28
12 31 95 72 22 41 19 99 3 50 86 15 42
12 70 72 47 5 59 100 83 14 55 81 54 70
12 35 43 46 45 67 29 94 100 82 25 26 31
12 22 60 35 97 41 6 66 19 47 50 85 11
12 48 52 73 71 14 76 20 81 92 36 79 100
12 71 98 56 12 78 80 97 28 73 33 37 62
12 90 9 4 81 51 36 23 99 24 15 62 77
12 74 80 10 36 82 26 67 93 68 78 10 54
12 56 33 73 80 62 13 56 37 10 22 37 52
12 67 11 7 83 97 14 63 36 50 91 23 36
12 70 92 80 34 15 85 22 9 20 59 87 36
12 90 42 37 59 70 98 11 95 74 46 66 70
12 22 81 95 42 87 39 93 88 78 34 53 69
12 100 14 50 45 30 23 22 44 53 31 60 90
12 32 72 56 43 85 55 4 16 2 47 82 73
12 88 29 22 80 3 41 27 2 2 15 90 38
12 43 87 6 7 6 71 60 72 53 64 55 39
12 67 1 53 81 79 68 48 30 54 93 51 76
12 2 32 69 79 29 91 32 32 29 70 15 79
12 77 28 23 39 62 15 24 44 13 100 76 45
12 44 56 33 60 72 59 20 48 9 36 91 50
12 38 57 26 40 93 38 58 5 52 32 99 65
12 89 96 56 94 6 91 35 25 9 36 6 28
12 11 7 64 5 6 64 37 3 53 23 45 92
12 24 39 74 48 20 73 53 29 48 80 6 80
12 7 79 56 80 90 52 42 42 79 8 1 81
12 95 96 100 28 49 59 77 70 40 50 7 90
12 7 77 81 95 49 22 86 35 48 61 59 41
12 35 67 22 89 19 100 49 34 38 93 34 98
12 3 30 26 25 66 18 2 7 93 85 98 68
12 82 87 61 39 20 67 94 26 44 45 65 10
12 31 26 93 59 49 78 58 36 98 81 51 89
12 59 63 78 45 37 77 25 74 57 58 93 20
12 79 98 67 19 61 42 95 77 84 89 72 92
12 42 100 85 88 39 82 98 94 9 30 59 50
12 32 37 62 59 32 43 57 41 14 14 3 94
12 2 72 12 89 82 51 84 1 96 2 73 39
12 85 58 25 92 6 54 49 55 1 61 29 10
12 58 91 82 30 1 15 38 88 35 16 56 100
12 92 42 35 47 62 40 33 41 37 9 29 12
12 60 60 53 19 5 20 94 39 74 77 70 81
12 23 45 28 98 28 36 4 39 34 39 70 56
12 2 43 49 25 42 58 5 13 41 91 46 39
12 60 8 4 50 14 93 7 52 32 20 64 99
12 25 67 11 32 49 34 9 90 7 74 42 28
12 1 63 55 63 36 19 88 83 85 80 24 31
12 85 88 80 55 50 27 100 91 42 2 14 11
12 5 19 91 32 53 90 46 53 46 23 97 34
12 20 37 44 66 4 7 66 90 59 42 90 80
12 26 16 70 82 63 80 51 16 33 30 94 86
12 87 50 15 93 24 25 4 98 35 8 81 61
12 82 46 78 4 3 29 87 85 55 93 35 36
12 68 1 36 86 30 43 100 72 95 18 89 44
12 43 39 99 11 36 85 91 67 2 38 16 44
12 7 56 82 66 10 60 10 61 2 42 33 62
12 67 74 38 42 8 59 15 74 80 71 92 90
0
