12 14 11 30 38 41 5 43 62 2 92 91 21
12 70 23 25 62 43 10 64 4 93 54 80 49
12 82 5 5 86 47 54 49 17 55 43 87 12
12 43 100 4 22 36 35 51 72 52 23 14 34
12 80 42 51 27 99 37 9 71 21 86 91 89
12 67 64 79 6 46 20 13 53 55 99 7 64
12 25 16 25 27 23 100 94 73 89 33 85 68
12 50 77 82 62 33 40 61 58 24 41 86 36
12 15 34 80 98 6 18 20 36 77 76 73 68
12 93 78 8 15 55 84 42 91 94 27 91 81
12 2 43 44 2 56 93 90 91 62 66 72 47
12 71 65 94 51 32 42 63 29 18 73 26 12
12 56 50 27 55 98 12 80 64 68 66 75 69
12 68 28 26 27 39 7 22 72 35 91 2 3
12 70 87 48 18 91 89 42 76 38 75 99 1
12 86 82 41 75 71 1 75 75 66 90 43 1
12 38 61 97 76 41 78 76 78 55 10 83 12
12 91 25 93 56 59 76 34 100 19 30 65 39
12 87 57 30 47 78 74 97 3 14 69 38 68
12 33 28 40 59 75 23 64 11 71 71 23 34
12 8 8 81 34 1 88 1 62 44 41 14 53
12 3 42 40 71 61 62 83 72 5 47 46 26
12 78 15 44 99 59 70 56 60 54 35 34 76
12 67 12 37 38 74 93 2 51 82 96 91 64
12 38 65 54 63 15 25 9 56 52 85 82 19
12 90 61 79 61 72 70 11 9 37 46 81 82
12 37 14 63 3 43 86 28 82 42 37 78 98
12 63 95 46 11 62 98 70 20 53 93 21 13
12 97 93 92 95 40 17 25 98 6 4 8 89
12 4 62 81 45 7 87 52 4 10 18 57 41
12 6 77 84 98 19 87 14 76 99 58 15 27
12 8 75 96 38 87 69 25 63 44 97 15 85
12 6 86 79 74 31 28 66 8 97 31 65 64
12 44 73 66 63 88 56 46 80 52 34 47 38
12 81 23 54 11 69 31 77 95 83 30 15 16
12 59 93 52 82 27 22 80 67 38 24 93 64
12 6 4 36 60 41 96 78 47 24 86 92 62
12 15 56 1 6 26 56 48 61 86 75 44 2
12 65 13 61 30 54 96 62 49 72 32 98 32
12 22 91 61 15 57 65 62 43 79 44 41 25
12 79 71 98 23 87 61 51 73 25 53 77 46
12 79 97 78 77 25 20 3 11 56 20 35 4
12 82 20 96 43 49 63 74 90 51 28 34 11
12 6 59 46 73 4 92 11 47 2 98 37 4
12 39 2 19 23 58 67 45 93 48 88 38 6
12 56 21 64 73 44 58 68 16 16 36 68 76
12 43 2 11 61 54 97 83 62 57 1 70 33
12 89 96 83 2 36 28 57 7 20 74 6 32
12 99 53 66 20 37 42 43 20 100 42 65 7
12 80 73 71 8 59 6 100 96 100 83 33 64
12 40 53 28 83 34 81 34 84 8 58 42 4
12 28 91 28 63 53 64 2 37 75 13 38 12
12 57 91 6 65 36 28 42 69 34 74 31 13
12 34 47 38 50 72 68 51 63 98 73 3 92
12 24 97 81 1 49 19 76 16 62 36 11 80
12 53 95 4 3 12 71 63 3 87 65 19 89
12 53 72 89 18 34 70 52 27 11 16 98 49
12 6 77 69 15 28 63 68 16 13 96 37 64
12 24 33 19 47 50 13 96 33 65 57 81 65
12 84 19 7 69 4 5 85 34 71 76 77 85
12 86 3 8 10 67 46 2 10 80 23 83 33
12 34 84 43 14 90 11 61 75 78 4 79 48
12 17 97 11 87 56 20 83 14 76 57 7 38
12 65 3 11 96 50 26 43 90 20 74 90 52
12 10 43 20 61 45 21 57 14 36 100 51 37
12 32 57 52 30 42 55 61 27 48 97 7 95
12 41 41 12 98 51 67 94 79 95 32 67 3
12 76 54 89 30 99 12 38 16 99 39 80 94
12 72 89 14 78 59 73 59 93 52 40 77 25
12 72 7 27 64 15 15 80 4 13 18 22 96
12 29 19 86 99 54 50 59 76 86 62 55 67
12 50 47 67 32 85 48 54 42 51 74 33 97
12 60 91 14 41 44 51 46 92 2 81 9 35
12 57 78 56 66 37 10 15 81 62 11 23 30
12 95 100 56 18 26 60 11 8 24 13 81 34
12 98 20 27 54 37 49 90 60 43 30 37 39
12 51 18 35 81 75 93 3 33 26 17 46 16
12 8 32 62 84 61 3 69 42 10 16 98 86
12 40 19 54 1 37 72 44 27 81 41 29 15
12 60 37 90 48 37 6 76 50 7 44 46 49
12 37 60 11 10 49 100 3 49 86 76 60 67
12 70 86 50 46 51 95 75 10 34 23 57 23
12 38 35 26 73 87 66 75 84 31 73 86 78
12 23 29 33 58 11 11 64 22 35 58 94 69
12 61 61 93 87 72 15 60 43 88 77 77 40
12 81 75 12 23 47 36 47 21 35 1 70 57
12 83 97 74 45 99 50 37 50 87 66 5 26
12 71 45 83 78 47 88 20 33 17 12 46 56
12 100 29 16 36 81 13 20 78 29 65 27 45
12 7 83 28 63 46 15 89 18 22 16 25 2
12 51 26 23 81 50 99 82 62 72 31 47 87
12 98 1 60 89 3 3 34 26 46 9 65 27
12 80 99 4 24 94 66 16 45 8 45 71 91
12 61 73 49 81 2 22 23 49 74 85 29 50
12 8 12 75 79 93 96 12 98 94 23 6 12
12 99 73 18 89 54 13 6 100 9 34 82 33
12 82 39 5 27 92 96 17 62 44 67 54 33
12 24 60 47 52 93 41 52 97 87 38 79 41
12 17 81 54 64 62 2 23 18 28 45 80 100
12 85 68 2 55 75 41 92 12 62 37 24 29
0
