12 3 64 85 16 41 9 57 90 25 53 3 63
12 62 40 82 16 52 44 4 57 52 92 53 91
12 73 93 40 7 31 35 88 82 38 38 49 56
12 63 18 94 46 2 70 95 32 78 94 73 76
12 10 53 37 98 50 7 54 85 75 15 34 55
12 8 41 3 5 56 19 1 66 25 81 20 23
12 32 3 100 11 5 87 24 81 54 32 44 83
12 46 99 64 97 11 84 59 52 17 37 73 56
12 87 51 39 18 84 38 49 91 27 36 42 42
12 24 34 53 67 12 8 12 47 97 66 49 12
12 54 31 14 85 29 9 41 86 93 19 41 60
12 32 25 65 20 51 22 35 51 78 29 98 34
12 56 61 89 7 30 65 23 60 4 17 79 79
12 8 51 24 7 96 51 7 59 64 30 38 61
12 5 41 65 43 61 18 44 86 26 67 19 38
12 18 16 95 95 5 21 42 5 99 89 14 40
12 90 13 59 92 97 72 34 54 71 7 91 97
12 9 66 43 19 70 87 7 50 28 43 12 51
12 85 35 72 96 34 36 31 75 33 99 71 26
12 98 81 10 68 14 30 9 54 67 73 71 90
12 40 13 96 12 45 54 44 78 13 28 44 32
12 60 20 43 38 4 53 78 46 60 31 50 89
12 86 14 4 2 46 47 87 97 24 15 86 47
12 5 85 37 79 71 99 30 21 86 73 25 99
12 90 30 17 68 38 39 78 23 96 62 67 20
12 63 8 36 66 62 59 54 69 91 20 100 79
12 20 81 23 18 71 35 46 36 69 74 67 4
12 89 66 81 97 82 70 94 69 82 88 86 12
12 55 1 11 35 67 55 1 24 93 1 37 80
12 64 86 86 60 32 2 56 65 16 74 40 87
12 45 83 93 21 54 59 25 67 13 8 21 48
12 98 33 56 44 12 51 42 58 84 37 37 35
12 27 9 72 59 60 52 27 77 46 28 1 3
12 99 60 85 56 41 24 52 65 72 84 76 73
12 75 88 66 13 64 42 38 50 77 96 35 36
12 68 76 18 15 87 22 69 36 71 57 21 17
12 72 38 85 70 4 46 66 69 4 56 32 49
12 71 71 86 39 40 98 74 10 93 98 9 90
12 38 44 77 59 35 88 82 52 68 17 63 82
12 99 4 58 31 33 61 75 98 2 26 85 28
12 27 3 24 54 6 33 55 92 85 42 42 82
12 85 7 20 23 46 26 42 94 76 99 64 99
12 40 25 86 19 57 73 11 44 54 16 30 47
12 68 59 17 63 66 9 7 7 37 56 59 44
12 99 64 43 50 80 49 67 70 83 20 74 16
12 19 53 36 67 25 48 47 14 7 7 75 38
12 39 16 44 66 98 28 78 98 45 60 29 82
12 38 99 69 90 16 93 33 7 32 74 3 9
12 84 24 15 11 86 84 41 97 82 52 22 60
12 5 27 26 10 50 52 16 57 51 41 76 21
12 17 28 50 18 33 64 53 50 3 51 42 33
12 97 83 6 24 34 48 83 81 13 53 100 50
12 24 43 44 23 38 99 8 58 53 38 29 70
12 66 71 82 39 90 10 40 9 97 65 31 35
12 94 4 97 61 39 86 33 27 93 94 18 22
12 8 28 83 96 35 94 11 2 70 71 14 26
12 21 63 74 39 46 24 16 59 48 69 71 87
12 43 50 16 78 75 31 93 88 48 50 64 58
12 37 44 47 87 38 8 24 69 8 65 15 62
12 7 1 61 15 75 14 38 96 35 76 27 50
12 16 58 45 21 23 43 62 21 90 9 81 65
12 97 18 78 79 39 17 72 43 53 52 14 19
12 34 100 93 44 74 94 91 99 55 6 51 15
12 53 13 70 54 82 73 30 39 23 64 22 72
12 91 5 47 78 15 25 10 95 99 46 56 94
12 10 66 92 13 31 15 66 19 41 18 71 54
12 100 98 20 42 66 12 76 72 26 37 98 10
12 10 4 50 23 53 4 59 99 43 62 74 100
12 94 42 30 44 87 31 23 40 78 91 25 46
12 55 16 38 24 9 68 65 76 93 40 2 83
12 40 15 79 18 90 68 41 81 71 94 99 24
12 8 17 68 7 19 33 53 98 29 53 50 90
12 12 62 86 4 89 15 6 71 76 83 3 8
12 19 85 40 51 58 51 2 36 32 14 15 62
12 35 70 2 63 86 55 54 28 23 12 7 49
12 65 79 65 56 21 66 47 45 41 22 12 65
12 26 2 2 36 98 15 100 54 70 18 50 33
12 6 42 71 93 19 77 67 28 14 38 65 61
12 95 58 8 52 13 13 5 33 81 78 7 71
12 38 36 67 72 20 3 12 43 62 66 80 61
12 14 37 18 44 95 54 40 42 30 79 5 27
12 94 42 6 66 54 52 21 82 69 28 87 5
12 97 16 89 50 25 87 4 48 42 65 37 51
12 69 45 67 91 98 36 70 67 32 39 53 17
12 37 71 1 89 99 1 34 35 1 6 36 17
12 28 25 42 26 17 61 11 15 48 97 17 72
12 15 69 67 51 45 79 48 4 2 68 2 95
12 7 6 46 48 16 11 13 86 19 80 39 60
12 52 11 64 20 3 35 68 2 5 63 65 49
12 14 50 16 29 65 50 77 25 90 58 63 3
12 26 23 8 23 17 47 15 17 36 57 77 19
12 6 91 74 91 64 81 43 14 2 87 45 34
12 86 25 16 10 67 23 39 100 47 76 57 4
12 26 84 50 64 3 35 68 16 10 49 64 9
12 76 71 33 49 62 68 82 45 61 46 45 75
12 71 99 76 88 91 5 5 6 75 69 79 91
12 59 20 87 51 99 24 33 31 65 50 19 23
12 25 15 29 65 94 36 51 32 34 63 79 21
12 38 87 95 5 32 32 91 98 54 12 18 83
12 68 14 23 17 15 6 58 8 93 73 56 39
0
